27156759
26077742
30454745
28258576
22520736
28134709
31588538
30190170
31010439
31337416
32580146
28467860
32052034
31420094
32165305
31238300
31588537
30014265
17081961
26030797
22579560
24452267
27156762
25301491
11181969
23587769
31271558
18159847
12955714
18807739
28817788
23245869
32073219
20738327
32240828
29991464
32281760
11899074
25211589
21463240
30784238
20374732
28645353
19056609
23844572
29949799
30703232
26208472
15653057
16093448
31348762
32924547
31785344
25764693
23052340
31949005
12058630
24376633
16327655
20972738
16797751
21602428
33306826
11887477
20580033
22427315
16620271
25902753
16713494
30962068
11845220
11796176
31160697
11687554
17467188
32314317
16121255
17006670
16128239
17949258
16868886
29257731
16006166
17020465
19344068
25449762
29478202
12165748
25255707
24404592
21909800
29549887
27565746
22842811
28495421
28664602
15662557
22168581
11270683
30957632
12884741
31937257
29961215
22284233
30159702
28821857
14586738
24030030
11244294
27321310
30811539
20520956
22790102
23601467
31027113
20622172
19140096
18279437
11793119
22644838
28413003
27156763
20492364
24500562
16542628
18790812
15070927
26832361
26134705
16046581
21813292
25895475
22340758
30883692
18633107
12718901
25282462
31146973
16434568
22162628
26586714
25401741
19703807
18519086
26565711
25740874
20953066
15234338
18577346
12871136
12397578
31012281
16953117
32107447
12657525
25367057
24158882
18554168
26714855
11918623
14673472
21553357
23903355
18726898
24156710
11317350
20101255
12297438
24737640
20196832
21623591
11796181
24026507
11206403
15955133
28122547
22965914
16306376
17516711
14510916
21738003
20686294
25669588
17616353
20410680
22607040
24102240
27062900
12509923
16321270
31600780
22307687
32000646
22386940
25051493
17229678
29578190
15070970
18653713
19488606
17174134
11980620
21892113
12529398
26244674
25211237
27350623
26574044
23587596
28494452
19449677
24286261
22311033
19293543
23581013
24043671
29886132
16825342
27539621
20459358
15100362
11194237
19892614
20583549
23950570
18001282
28632032
19135114
19919945
24371189
27217304
17070441
16502494
29394883
15811933
29257900
22778181
14664791
21910811
23078817
21498630
26828532
12488363
19160074
16896567
22962692
17197021
23409988
14764791
16087718
17924846
18566338
16361827
12081717
25392243
12874957
18854434
23800642
22584029
16306345
20814834
24121282
15249704
12107816
15252040
27577218
26974133
14614962
21823543
16442662
12449516
18433508
12507821
17567752
15503287
12209360
12381897
29138356
22252122
17550212
19003935
16276381
11774217
30056456
14580231
12716763
16713495
21049026
12107248
29451661
21726277
18318116
22504649
20401697
21713316
23652376
16965966
26795631
20706996
11603568
24961627
23736674
24239889
17982227
27601473
12707373
19897608
23595122
23492569
11748489
11428725
16862278
15151504
17577741
19729836
24825090
22238590
18806274
16133184
18271687
15056606
28271591
17962478
23225056
25462169
18473191
21067572
11916004
15298340
15538939
23298195
11719842
11668623
11389590
21564155
25981750
16775037
16120822
14767904
21823539
19294427
18194629
12414899
19244398
11920339
17160206
14599123
12478359
22802123
19170711
22427038
12519420
20022652
11581002
27639123
14767016
18323675
19297548
31363008
19812297
11820167
11718053
16781893
16968783
11175794
18040725
24218323
21067485
14737040
17216256
23103830
17187023
16254433
16682840
15052464
15781608
12050236
14660745
20509872
12180549
20403973
18316032
25173644
11903620
23365654
12139729
12191971
12624936
17584585
20047645
15781609
17558849
27210113
15129813
12694582
12717342
17031076
15869568
25210753
11836335
19585583
20727043
12442067
15153756
16523188
11867868
30086330
11929850
17234837
15209516
27468121
18687325
11035038
27892464
12788125
12687343
12086959
12575454
15785992
23429432
23289844
18683149
19129716
21517693
18489790
16151413
12012274
16639390
23509765
21968327
11116139
21446023
26658948
11476731
17646750
11868598
22622456
20875904
16132691
27641679
27379531
17681394
28137601
27083284
27045389
24890733
11161827
16010031
26909942
16125866
15277431
12062816
18975530
26599574
12664522
23845777
14678298
11696198
15888562
21903675
11908709
22333293
23338790
11761617
25704106
12754709
11161832
15687245
22771918
12359138
22981956
22012613
21858457
17954951
11087959
12722640
14514232
19169480
11218316
18715941
12716741
12951282
16005363
12542844
16843086
21723259
14575226
17077577
22226368
11374071
11035042
11239517
15853899
12243365
16581274
11930675
18626456
14724730
14636177
11600569
29650969
22795339
31222984
17371330
11916625
16979413
27592002
17505621
24622440
22506535
16223491
18004211
11334430
12413008
22533711
19490210
20624112
20667095
11380078
32358479
24623964
12920574
11796264
11315828
12505748
12353132
19498079
15163919
26968808
15589123
17259383
11723045
20565247
17616354
11297535
15942086
23041553
19199242
12943962
12086944
20687937
26077347
15476183
20191117
20851378
19608431
24469713
15068339
26144281
11228193
18441306
16813599
12679865
22695750
21896933
25542043
20039825
19856883
26005757
18366720
18056790
11322658
11318841
17965877
22712453
31161717
24354906
12673582
20801867
14674716
18654034
12588049
23029294
16545977
12107736
15077478
11408388
15001634
25869052
15896660
18927468
23527042
20524928
18789912
27498976
11529248
11182213
11640991
24522493
22993484
22145481
24259499
21245462
19263526
19258739
14679088
11704806
11916957
17991147
26161693
23808542
27834323
21641671
25850297
25635987
12746631
28889337
16426235
17264407
18390429
18496510
22792385
28635922
16132948
30318704
30900957
25707513
27941241
15523639
25217793
21963083
26214998
12765969
15286433
11756005
30630996
16440015
24395629
12003670
21420193
22547424
31357022
26233932
11567629
12477623
12875716
23721855
22524462
15745834
12475765
15860238
28744818
21757152
11703436
11853799
22095239
11932336
23150186
31843946
11770176
14581155
20141354
25828521
25083086
16398697
26970180
25887518
23094897
11248374
16644713
19333760
15671915
11607785
30472145
26130419
16567829
23182401
11586486
22365890
19327134
31974565
16893912
21256614
21734099
18755175
22643932
15068978
30592790
21389977
12686759
15562008
12874455
31298360
14514650
11457670
18523145
25947554
24588001
14632160
31495395
32269463
21236713
11992481
18289528
29423653
15347835
24145224
20844862
31312322
18989629
17121786
16373902
26989329
15899487
16401309
23197887
15285019
30447144
29594432
22293752
21938427
17327435
11231353
21447263
18484278
19590847
27649563
12542725
18974705
16449944
22128760
22015693
21895484
21185205
15379052
30910557
24026386
16733296
20369014
16505251
26770981
18413186
12931042
26101329
16029432
16060916
23454124
23442068
23085272
29996815
21500980
17462506
11315825
15794919
24914535
22662265
12606536
27160934
29605608
11286512
21393041
30518872
12706318
23982987
22882994
15298352
20163515
14998935
14580233
29769602
23235561
12025967
11827432
23585875
16249433
11872693
23213275
15946912
19413708
25041170
12401728
21060152
21062274
17192724
27545212
20097100
16759306
18346114
24505959
11907646
21277817
21031341
18512226
11716293
23085633
26957843
28139539
27448675
27513365
19006025
22554825
15644573
22354095
26164195
15554360
19166382
19720792
12757981
15529622
27130141
29774890
23636253
16127173
16388709
24706429
16306346
12519871
31697830
11799396
25524212
26170196
21932578
24676352
23981289
24066292
21127832
15582161
31104419
16260581
29222432
15319170
32001615
19746264
21146884
17568405
21316998
11910554
31881887
15820770
24839816
18494865
24564336
12401726
12547874
11589428
12916001
29799470
24194887
17725629
27448670
32871871
11536078
18184924
11921414
24405540
29094512
24433479
12121678
23586928
31391115
18093211
18467681
24528626
28964682
15137936
12831406
28401168
12547879
26671228
21806838
11574426
20805685
33095866
17671797
24349318
16586067
14522092
30572005
25555495
25196678
19042979
20550665
29732466
17960769
19909726
27706650
31309279
18753062
16759305
22775283
26956489
26656639
17160948
18094565
25200058
18612083
16205883
19490620
19263799
30135138
27666717
14633863
27730450
12031529
22512215
20522428
29852165
17327880
31558682
12270765
20114006
28866115
23594559
12203996
30465518
23399816
32311290
17002901
31471424
22109281
15899948
30081999
20853144
24675466
22133301
18518860
30354296
23201419
15111511
21209624
32442538
15660195
25432462
28744963
16249435
11272211
17045357
19816050
20962522
24603156
16079259
11701342
15811564
12739024
16580609
30414308
12757938
31427625
11576356
15793259
24373634
15163918
14525907
22272082
24385048
15052533
24739563
26212367
12012276
12425206
20800057
30211669
30467975
26773576
18583417
23287646
19735686
17654446
18019678
28499019
17440011
23134829
29924645
23846111
26379145
17901943
30366827
17071715
17024311
19956106
29207083
19675071
23445511
17558713
15466911
28078553
17950019
22550715
19789510
21854353
18162502
21717115
28944497
23303908
12660865
28254450
22608880
12121673
22187379
17496364
15331022
28341195
31204010
12139242
18031839
21965172
28432734
12775233
11554774
16423628
19587357
27619405
19207718
18423055
27846294
11606170
17668386
24163986
20119856
26498592
11806470
15855353
25115353
25850930
17101063
26599467
27796656
25390010
15585669
25383674
15612584
16504296
11916946
11158025
12424627
17130562
22704848
14669169
12469626
30992551
18587729
25472959
14551599
12107741
11502799
16636650
24898818
12750858
15504980
25458507
23450332
19323961
27411431
14754527
15240115
17849138
15937668
15365253
19773668
19031431
17941907
18599322
29161307
19549135
12476891
15603874
25674242
24603685
31886290
24819633
12708751
31415576
11448939
21180245
18398712
14583186
21566867
16377260
23265864
28399188
18060660
12413777
16449351
23828647
12107757
19183347
26891449
26253791
27652271
17991645
21033293
11409295
27117607
24418399
21094815
27706609
21983932
30204972
25435094
20028947
14959999
16804066
18553546
28487236
15769825
18923682
28257947
23707792
16884898
19119265
27207532
23864767
28985184
16415760
28736155
18672310
27227713
22039842
18801706
15575342
15677519
22198626
12529387
22105495
27111116
23762448
12605344
14679081
17395754
25935091
26858454
17259397
11920861
27627093
18209482
32335055
31414764
12595762
18225448
17429581
12153465
17389020
12669270
26311693
17151290
30458730
29799294
18280811
15696471
16246170
22313046
29204795
20854388
20088380
26458572
24371999
11444388
22970972
22076134
24290377
16467607
17227883
19433708
22879391
33180391
19696511
18528402
18972748
15220215
24827579
16358232
22396741
11181802
29441414
29093303
29311218
23252994
28739185
24875393
12031950
22921508
25981324
12817062
20515517
24720358
18716049
17374678
25707942
30365659
26273662
30074235
22154374
31046466
22972441
18764813
17130525
30019654
26184423
12917799
11975985
20673334
16015371
21971157
27631001
30684545
22015911
15173029
31083769
31754873
28674003
15134033
15596856
18605991
14988265
25760736
15603869
18270432
28346466
24301906
22716181
27468700
15448107
18356407
14550289
16683131
16671945
24075694
17318848
12032636
12090547
26318958
19461158
27127202
27048834
11424233
27334367
25666660
29769440
25898945
22081332
29975570
12373555
25819896
15035976
26282401
20090828
14968315
16951059
16771098
12397529
16459465
17229939
15561937
16690414
18434430
17335470
15047636
31676569
11793025
32539181
12086927
32084158
16807249
31017477
11603114
23227494
22516022
19628492
12830465
31517624
16813601
21144773
15651146
30180967
16324912
27807048
16087305
12242468
15752240
18758683
29629376
12021130
24005635
27598916
11964036
15649097
29904053
22843023
15927971
21496327
28169463
28077323
15186949
14515207
20886438
32022227
12411100
15533584
23269546
28111084
25058603
26711207
22040602
28599252
28420700
23295166
24366165
30710997
17584581
11776384
23986522
28279198
20422227
14693179
28686848
21822422
30271789
11386752
19243312
21088058
27560467
25862415
22474537
29981194
25196797
11367889
31441606
23002242
25541252
18514235
29686595
18449463
12787389
23536853
28183874
20331840
15639198
12189449
29222982
26483372
24280991
22932273
12610055
15701758
28260301
16759180
29567659
26405072
26837367
21509758
24952604
12481150
31127053
30007277
31473834
19847393
24362922
20933204
15678787
29883760
20458279
20170930
11788963
23081748
30359091
17245589
25261617
25369080
29257914
21913967
19542737
23229312
20848181
29323730
20043145
27913284
15656877
32490905
28444663
18668150
24816853
17187250
16724230
26359087
28662688
27840176
15936464
12793073
19628379
19126661
17579206
16141456
29437019
11916171
30979932
26190010
15593029
22017289
29721501
17668636
29070703
18767030
19173941
28076580
15803111
11386855
11592043
12390711
21957594
19292929
11431175
20735351
30335238
26106251
20201276
21858169
18506268
27173343
27103109
29895027
12499898
20220057
19865794
28116228
26382014
21896927
26604685
25922844
24958070
24132517
26426397
11508263
15125229
28545893
27053292
25093391
28258439
25438929
11692183
24432335
15563987
15308121
21170474
11374395
25837654
11232028
22475522
21834801
28444665
30092360
26518647
25858271
11307309
27075368
29567430
20801058
17476032
25470290
29889555
16280647
12698065
29064852
28190082
12662297
16178979
26529385
12077726
11244483
23936838
23834171
29104476
23328127
24070892
27706611
19693485
15622443
17440016
26163877
17555951
18581887
24075743
31375001
17216283
17506118
17277585
15703765
29682912
23508304
15192842
16407421
17881461
19579180
16501850
16128374
17106217
29066305
20389105
21127150
15231141
22247255
11916950
29394254
19088009
28860598
28101643
23839539
16804414
28413926
29738868
24488262
18315433
14988232
16825959
12242469
19376178
11380945
19956104
24682535
18688110
27078674
21514435
18796298
32093382
24722438
29244109
16189801
23590576
30806329
26958039
20805278
24101674
26090471
17926234
18696045
29554441
31265177
29164839
16873690
21864292
11724419
31701444
31378691
11460589
20356713
19425506
25661882
12974878
32398868
27796346
14736962
29689688
30799801
21692030
26079852
23930970
17919174
16731859
15915338
16320083
31154656
31131681
15660729
18768181
12173074
18942221
17941464
21747824
29924845
12532178
12905623
23775136
11248094
22552970
17827917
28544509
11851723
27028131
22826377
25382134
11704284
15561963
26334461
28323921
15711022
22529894
18192542
16248830
12086684
25165692
17827402
19120273
30922813
29725042
22511849
16434572
19120274
11900275
31230090
22552298
21288167
25354942
30221321
24497209
12618861
15606694
12090088
22555758
26873362
19347328
27641082
32643557
18988535
16419488
17263765
30353771
12083813
23161441
17018649
31091048
12726923
22576736
18599122
15723238
29154870
24228244
24410801
15356057
30663027
31401790
28729637
25041504
17898129
32037472
27417115
26901141
12697301
28177679
12715715
20360641
24065151
17986476
15225764
26077346
21700671
20836762
30521536
24612665
26923441
25559614
26264437
23251910
24310933
25959789
30413610
25669128
26073000
12589429
12819329
31221822
30894049
12071438
22425055
12882871
27423646
16337304
12618085
17891543
19376102
29783710
24185407
11891022
30756131
16731855
26821796
25189908
18493736
21917732
17130570
18971939
23029108
15225139
30338675
15787661
24339994
24496569
28806535
22008132
29476889
26272854
29702753
12753296
11879722
29488137
19663932
22434410
29361146
15823494
28934669
19087671
19111166
23555084
19178520
28185533
27749914
14602731
20726326
11317648
25815341
28734846
32319846
15138631
28349069
25633883
22770937
27488359
12605098
17555999
30270667
18202517
16497144
24688318
30222965
26352355
32184218
26051683
29477872
30467970
15757506
12032624
25808747
22590553
19477545
30783187
21360476
27596057
15340148
27323171
23545169
28324005
29893194
31798802
30410133
12433633
29729382
32109292
28262806
21181397
15919799
18261202
15842513
19035625
12186806
31658956
24041678
27287034
14675042
24583009
26818122
24529562
18648539
12794058
28482114
25956617
24982147
11315843
30528630
28805547
12401729
17334650
28062508
11206400
19705624
16873705
11994372
20599797
17874505
25739819
11399938
25677239
14679059
18972749
30176239
29171469
15531531
25973429
16108844
23123403
30246030
26539552
25627047
17941898
24854763
16428460
12770793
12784186
27411435
11845226
28255976
23054467
22236027
22385293
31511734
20522973
29385209
23376458
26438296
12829659
11350569
24078164
25820527
16353398
29288528
29587244
28548478
19527523
17970755
18328809
15708833
19353766
20103708
18057537
19577003
21270979
22487161
11272165
30695498
27120595
15633931
21056935
12502505
15543643
16075370
12027924
30140092
11668618
16223942
16009335
20591524
12102644
21689475
11872695
18316776
15574137
19855135
28976905
17942768
11723070
23197849
12789652
20083470
17560463
25872143
14633856
29859283
24862218
26859656
23028588
29304826
22564814
20007938
25371328
33490285
24906949
23839993
12031967
31781662
26451383
17570250
15902849
22382061
25680681
16079687
24673412
29665413
17093941
11577580
19140398
31337964
12906157
11223446
22610400
23871133
17463249
28347194
11267683
12600416
28262800
22082324
15734872
12169432
19012045
31504522
31389595
17130541
16492204
18234133
24086307
27279137
30203461
27736813
26492380
21617178
23922760
27117808
15382463
20363978
33180889
24458358
12200761
20406575
19495412
23770198
26433941
24376643
17175890
17306581
27003436
27771652
29118015
15388265
22119815
18849600
15308133
29581247
25638453
30187136
15998520
30536626
27522937
23220333
25940287
20852026
20586186
18481948
27433804
20215770
31453770
28758129
24464600
26479152
11544613
21068007
14748467
15953624
16171885
18295448
30293595
30874531
16442182
11511974
12675534
24303936
24906421
18854778
28622065
25732517
19107359
30594394
12401717
12096786
26476487
18537701
11918626
11874426
32981273
11554767
29626590
21959217
31205951
29959408
19553350
19120277
28095294
21080005
21664191
20508600
32778679
30311584
20535137
28219128
23825961
25855220
27174469
24085454
21198374
14752400
11554776
20548773
32814780
24136780
16567544
26782563
20865502
25085843
11530507
12647840
22609133
24655325
18515593
22580743
19165345
17350686
24372947
15561967
23723006
18077048
25517115
30055620
16306339
16898084
28540689
17566096
12770796
30407737
28639886
16672053
25869614
20569042
30700920
11742410
26136138
32501591
18678608
31910940
17916333
19139842
23021798
30158053
25561226
26712708
29343271
12829658
19439219
14709415
22095236
31544697
27173202
27185633
24325907
27439680
31002594
21508505
25441779
15111504
15793258
26118134
23515675
30520133
24357461
16954159
18788099
20381392
18616700
24797839
26024304
15978124
20120526
27035557
11776689
31838081
27389030
26717491
24885568
30649221
12409286
25904189
17285557
21900121
30078215
16189279
11317671
23290732
21792535
11723093
19822954
23567972
23021796
12882931
21442235
17541530
21628510
15928245
18720898
17130462
15277375
22653270
16949520
15592663
24018047
23209187
25281821
12746636
18029262
11531629
15666591
31683538
14695477
12457456
15699509
15562031
30167870
23469233
20393150
12865608
19591919
20559724
25577243
29099854
21309809
20809684
12828825
15699499
20820904
28249617
28683826
28334746
18220709
30335004
15743995
15793267
20849900
11872692
31654796
16174285
31425946
30188871
31253982
15578751
19269054
21692845
25818251
22956469
29621130
31959759
25723968
15855579
26795016
12175732
31874232
26798653
17555133
15822051
11544286
19969107
20463095
12161058
25765181
23036710
20665664
24636221
23402577
18949133
25991559
24781596
20067909
24741571
24663494
15220191
31017263
26113285
21812222
25185411
16358955
17897018
16246524
24098730
31513605
28845600
17433639
22729868
28322508
23398374
29449530
12818411
31445766
15300633
23107111
29359167
23378612
23340510
17482424
29382585
23968400
11508278
30167868
16699725
17395740
23274907
23910631
31902046
12365822
31773667
15504979
15937669
25814249
24306209
15333482
17003363
19929990
21638131
11769635
26589323
22460762
18072015
27513194
11845233
20049090
24167638
28735866
14608941
20421885
31288725
11869048
29280295
12172324
18474939
14583183
24449369
23268804
28325643
24317792
15562023
11815271
11356606
17213575
32256445
12815947
18079690
19598005
22915469
28218436
27836663
20735837
23462545
25008173
16756736
25907167
30683883
22891507
18368909
23456528
24057184
31025414
24357703
20682519
30536647
27103086
26997512
11555666
26299655
12476420
28444861
17445531
25384728
27554451
17603223
29894645
15848047
24088954
26884718
15720823
14989711
21346244
16969646
21689001
19549859
15856945
24941431
23636037
12056808
11978667
23543479
25902541
15308130
23260797
15497155
22580620
17130569
24458354
29930005
15229374
17693612
27238746
17457564
18837955
21207118
12397383
24355596
28929635
17060611
18445996
31304802
15858610
23158979
22845899
29979413
19680229
26514550
27000313
22584061
19686728
22005987
27571483
23786590
16444766
16408443
15965659
11793024
11724418
26868295
29203573
29550371
29891446
23583468
12647273
15983323
23957015
32114639
32320827
29308741
12886042
19787680
20226046
16274479
28438156
19006181
28651212
18349110
26104745
29870805
27594926
27353450
19359061
22213807
32302349
23226241
28923913
16644680
14714273
17130529
11409297
16297948
23762423
32141144
31025261
28817829
12808179
21832210
19819117
18638371
14988273
22452684
24937127
26340671
31439644
31713534
22205225
24647738
26344020
21338322
23383062
18408479
27941248
15829437
26043405
12635478
20580039
29950256
14578306
15132004
25863648
31535473
22311416
28575111
22893398
29450745
14730479
14676944
17513698
21673050
24412096
23137633
24386202
31106482
19685167
17689519
15736117
18468520
20305326
12436344
32016123
26824366
26599598
21659753
28052112
14654354
18469206
29846960
21188621
11668626
15955117
20479236
17515880
32910913
30547231
15187197
23132297
25789687
30528377
16567833
11781359
11899081
18423039
30093686
18955751
24715035
19822956
31990476
12941770
12445315
12401730
16870588
26742309
25634985
25086207
15642486
16757574
31128151
29480974
31250990
30113051
20631000
22904348
18680108
11333748
29913555
29888289
20185635
15237707
20980453
20519229
19896870
31266808
16026108
19951851
20347643
17942825
11344224
28651253
23398084
16395257
26345943
12359146
30118515
21150313
11928067
12354786
11147792
17440689
26934706
21457706
26619044
11435404
26661414
19246226
19144436
30912798
25752479
25814643
14739078
21906476
27411439
19395279
31361511
17653210
18291700
30599773
19567529
29573224
26606676
18467141
14682250
12905767
27412528
17425918
19350521
27195302
19442898
24214952
30413829
16249459
30296791
24627166
22211895
20564224
20079205
23153004
22295141
17205963
22231969
15281001
21040718
25207958
24505095
27638909
27487489
19614950
18378339
11230793
11334441
16119883
23745550
19833889
23733546
17117553
22233861
24148348
26344726
25301875
11793847
19752172
15790669
23300163
21255858
25964492
20979611
26229969
16925503
21276381
17465459
15126296
26656450
20553910
21045787
25306193
26074696
21989715
22461787
32167139
31803921
23856252
31467911
22397028
15229376
29739042
19592124
24430436
24028448
15236750
18432739
16787385
19295542
20223228
27424137
11754100
11713466
12073419
15109449
16927413
23133645
24156506
12408280
11402923
23401241
12536635
18358479
27615599
28667717
24051404
15933386
29247834
30742700
23077601
20531501
16229747
28979999
25934528
11334431
18263927
26911440
17259399
18563171
31541173
22357960
11887161
17617163
27376265
23184042
16014043
19396026
28862975
20530722
22616141
28843469
24499421
21424184
26172287
15674367
19252740
16909690
28223216
22521321
30639036
26415026
15725677
19691832
27383215
21261639
16873704
17652166
17999372
17142144
11449315
28730907
17825092
17160945
28954930
28701182
17310371
31847906
24598800
20181961
15256073
23063903
28986361
26605646
14696750
24140619
19395281
16562587
16221474
20865176
30030988
24065178
15126006
25579746
12878786
21300845
11869302
17622752
17179928
28797256
26981540
21031342
24172699
31517611
30188962
11756350
16828193
23613868
26983698
11821159
11398141
27657457
16895987
21110946
24342660
26042596
24758873
28852080
19823803
17534268
27323672
21890652
12147786
16276383
19706161
30201105
26255081
31415769
28401680
15883474
25932787
15994875
17589825
17535269
29319171
12929013
30402856
23353010
24659626
27457280
16909600
16035283
11979350
15476949
25906647
18054108
29305569
15585330
28947922
15230641
17978456
22943861
25294284
30044774
30959575
12136229
27716211
20963736
11935319
19077211
28546444
15699512
27080982
30485119
27207535
27505625
15705184
15734870
26167956
15804059
24523675
16625819
17982970
29077742
23144715
16933203
23505438
19846143
31324086
18954529
19924244
20501654
23272513
21739347
24928019
27155841
23282070
30536889
22353431
16006256
29764441
32313169
11782883
17357883
26291662
23719966
22893405
26950148
23492876
15133753
21862641
23485929
12682823
26874994
19360314
28479383
24065653
29091313
32409007
28937055
19075293
20520596
11716156
18682813
16598200
17176436
33154349
23506158
25305319
23153972
20078992
27193103
22424227
20351698
26205695
24612564
18854419
19539002
28273235
25944881
26990852
17028339
17186387
11547215
26218518
25120107
14693407
27899417
21224061
20065546
15699505
19556726
16177075
24804978
20660625
14988276
17003309
30022578
11774208
25041077
21725704
24452036
16567511
18220945
29073942
12500539
25629817
26242742
15649569
21515472
21574459
20699419
24667182
27607899
30071860
32135124
26088318
29066872
20003313
23783767
23207880
16523407
21464461
16210629
16309587
23185617
31701452
31148250
31500828
30130525
15467836
17511963
19500515
12590018
29412115
25447894
20510318
22030363
15853770
18280442
14617032
29754174
11913620
18613221
31786709
14679107
29476905
28286123
23639568
32572457
25463481
22354377
12786686
20173359
29890546
23133642
15042845
32941450
17931842
30021384
14704946
28258026
12697406
19734900
26006040
27741477
31517610
12434122
22800638
22377702
27623749
18438549
18551177
32200014
16670688
17878288
25916116
18847425
29229313
22648662
17130528
29496661
17971426
25450812
32299541
17683561
19120314
17472435
12500218
24821133
12021089
25871838
26049093
31118371
25561682
30273662
17258929
29756500
30648196
23307263
17884968
22580347
24551269
12059040
25323324
24126225
29648467
22583702
23376814
31794280
27427333
31549387
22936689
19885641
22848482
29459013
15446308
28315330
19143817
18724775
33504786
16215950
16542625
30909159
24996290
12827240
31278342
26579581
22786762
22209024
23856170
28499789
24119114
25994182
32506069
27026223
17068286
26299063
29744366
11784003
16080611
19506043
23835259
12643139
30804576
27554111
17331067
21739148
29704532
22026967
11375798
18321746
31967963
15627647
29551443
18310307
15049943
29514658
15581182
20972946
19357773
20828799
12697674
11327371
29054530
15220219
24281155
15930740
14653106
16671953
31539141
23562494
18223008
31586326
21902816
20090770
19672314
28366671
22402134
22515931
17554073
11296153
19891962
22732092
25219961
29110330
17627577
25287216
30826568
11739540
14693705
18582458
29909574
29750992
29056535
31345923
29196930
17207885
25008182
24352417
23562725
24993916
30890581
25289966
15757485
25640317
17718428
22547676
28935026
16375695
28533215
25695625
17704113
24308218
31362891
21810933
24320691
18829458
29673160
21913056
26958016
27100371
23721995
18071025
26273663
15237706
28701356
26662731
11940121
32632005
21962117
28706953
29391158
32545818
18221420
16108843
21421655
26745632
24994788
30584709
15047632
18652122
14749263
21185702
18458324
15106800
16248812
27192959
15019597
19956073
29175806
20625492
15787657
12187087
14659011
21051750
25401745
14557055
11873873
21186995
15127202
27598902
11427226
22721967
22134840
20851292
28290857
31637677
12540637
25301398
21833536
16113584
26788514
12624725
24825737
26288847
29301582
21069392
14704872
29564917
29463954
22525377
30180843
24051030
22369239
24068159
29511375
29463744
18448583
30553752
18375435
23352981
25471794
26540651
17961514
24186881
32912862
22642793
21145773
29717657
25205537
30701683
20175989
26954391
11234416
24938900
11181544
25476525
24908234
18441206
29442423
32360619
24705559
29417186
15270786
16295022
29712868
23937595
20385070
23401506
19699197
12905776
25956512
24492198
25380550
30719863
31400774
25763123
16470228
17218729
29931562
22243699
24779014
25326603
21784987
18291022
28277542
20065225
20684750
11272157
29666556
18821326
17966456
21861711
26272177
12905622
17266114
18030501
15239024
21053466
22768881
22480428
31364104
30635067
31150057
17167799
29046236
31564623
29202762
31247223
26290879
24414000
16759311
23296223
22893397
15599700
11978668
16611042
24321065
27958632
24663037
11960307
26279418
14695479
20303945
16948749
30729677
29714135
25449140
17933712
26522834
30032651
23375266
11788661
17425439
28190774
12728641
31639403
33171401
28624668
17244711
23209180
18619429
33023063
17307996
24157454
31270292
26666158
26019217
24698671
28968432
11772903
24306208
12388427
21573905
25192797
19085184
15466699
27055155
12856285
24619287
17002487
20711718
32580945
24686156
20579862
23085930
12021141
30209346
29514038
26209361
17130531
23710468
28916763
12795447
23107108
15198370
23361586
25185853
17909094
25658847
24070838
21803130
11979019
27841034
20552210
22645604
15936459
22110472
18349384
27427939
15666475
23632905
28488548
21575160
28352005
30784919
19247629
17327377
23160185
12149601
32616724
18436708
12502517
20092027
15192439
24471563
12788901
17341563
26517273
19997558
11779407
19997081
14741777
11978660
17065357
11321039
28803751
26156202
21119026
16096857
12134094
27139506
26921755
20197050
12235114
22932942
11355020
25994289
26589000
12365083
29410390
20960175
23046732
18579779
25371906
21316027
23657602
25224628
26064979
12911280
15270790
23584214
20161779
22144991
15334388
11508655
23701472
31622213
22257425
12447933
24062246
27634843
32397403
28125663
15676013
23762850
18802679
20148032
12643121
23052945
15347773
22325341
24906951
18220714
20349157
27214310
23018308
28460053
15626659
25615420
18702835
14593616
25192337
18771471
25085578
24529564
21525158
27295416
12421500
29850604
22824045
26273670
30261555
28712214
15191350
31665716
17213368
19766904
20345871
29387902
29608341
18312624
15469701
24326522
31088900
24315621
29861058
15254874
25726699
26362438
31882567
12207925
20412756
15715684
25605810
11237226
16645019
21897745
18627005
29947923
11723066
18829945
17130532
22782288
17327028
21799917
19247372
11295472
20664700
15132881
15996166
30468285
21584493
29027595
29330224
28656312
16731816
23807601
14728987
19617408
20708640
21764620
31020790
26779543
31781325
29602762
26693933
18056891
27296676
12116172
15367898
12032186
31476928
15548260
23225238
30448403
15126514
21352428
14527304
27391008
30031565
24154695
18003753
25799151
18753673
18586913
21851171
17979505
31195986
30078183
31591105
18091023
29974394
19578600
16507937
26181639
17601994
23434931
12653967
28246389
29369552
33490286
15524180
28272459
26710051
31706979
23998445
23579632
12788886
20489610
29445185
23408027
28059470
30526118
29227971
20841608
26795437
30943401
31159854
15161763
23153979
15512785
12540629
25973045
30181159
31471352
27170065
31364127
18384843
11259621
21288587
30089436
30914477
28511139
17114122
11193191
11477169
26054810
19725958
19819964
14634961
21964884
21060967
30206697
30378499
12361980
23412636
18603373
26891264
25966234
22847494
31420193
26599099
16721485
16621107
30145827
28615632
30083980
18647412
21712075
22488520
12818408
17130542
18231124
27118175
31887996
15523593
16720211
20878273
28323045
12213908
17029885
20830509
20053475
29702167
11422753
28427244
18619471
22121831
29791171
28214534
22522620
12083947
28255753
17465340
23740949
19243623
25459228
25109108
19419896
22859217
29397395
24893864
20218954
31775533
15834548
21917432
25986995
24839897
17962340
17290748
11259670
15369764
24338736
23837223
18840520
25355148
12925693
19371221
26883941
24304572
11717395
28465284
27253191
22064697
16619259
12058258
17096118
29773082
15637423
27648002
16446877
20023238
21798992
16443766
19381781
23260854
20088710
32142359
29501765
24561825
23390498
12082183
19450597
19560108
22129885
22536343
22606220
11247635
16130030
16936152
16401312
32221364
19528375
12035948
18488190
18607402
20965145
22579530
12219087
24533448
12975466
22106160
19275675
27008632
17347550
21689002
28333148
28840129
31323191
26458049
15561962
28510587
12722028
16115824
15983228
12371680
16801592
20565248
15545992
25997411
24081217
18421176
31292430
25812009
29767246
24797048
32451927
31433203
23826864
30614312
12716758
17911429
15004255
29969779
29115390
25703281
22367743
31081202
21170321
16731852
16869959
22992429
22494836
18180619
19930868
19002551
17292728
20007922
33164551
25456640
27038466
15605410
12671124
24246305
17595242
12375694
12959935
26116895
30242153
16186411
12905768
25074646
25976242
21951301
18497471
24664724
19760265
24353307
18338983
12913071
15229379
26067360
30753117
23968401
12934955
29398232
21700876
15488749
11421628
30903991
26587547
23361585
29408271
30544451
16492220
12719374
23338634
21928229
27500307
25151401
14618419
28843858
14669303
25400315
28386563
22443197
19937354
15699484
20587063
31926241
17947299
24578546
22800731
25136835
28810264
31996409
12660488
15585206
19176700
23251491
24397367
30716140
20931529
24574000
23029270
19848206
28424160
29414690
31936266
24707133
23152861
30927207
15024072
15342014
23295285
29856678
11404232
19261455
21813245
12471198
15838254
15856946
26386349
20368219
31653825
12359128
25211022
19851988
23642732
18688176
31517619
21487521
15891936
24107168
28976888
32251680
32505342
19246972
28232950
31439642
30902789
14693702
25413050
18826488
32473920
22759745
23627912
15720714
27634225
30320493
20055692
31420722
16356110
20801062
29216352
21864931
24733186
31734275
30099416
11899076
29688808
19786738
26778255
22683600
20175764
19074981
21373834
24468095
28912573
11246885
27507673
25503068
21911054
11522715
21875375
30129421
30477160
22366579
32529526
17920775
12877089
23721205
26991522
22533709
20594165
23968135
25532042
24939145
16796127
26678516
15331257
19681913
23777472
18179648
28679650
23471081
11681491
17986829
33009794
31016359
12630555
30488586
15929869
21959939
12901506
17327333
31023085
26998902
26593983
25031721
27995340
15589689
26663065
29244961
22486725
18981553
28652186
19789420
23237188
26944797
25108226
20144327
31527256
15942051
26418287
28858846
28656666
15384959
25042601
30664213
20714348
29191422
16887362
18399931
26337659
11175771
30132346
17192491
29251615
26535661
28631886
23197759
15713786
31694869
32606720
14693986
29921872
19657322
25620042
14686960
31411076
26739449
31855198
17516297
18774543
12642375
12905765
12842910
24176839
26142204
20592451
23521341
24895245
27052028
24625756
23828613
31493479
28423281
15662000
26859514
20424841
23423566
32259603
24073796
30905809
11201732
29923306
31553295
25737497
12831634
27445006
22672868
21347323
26125738
18680072
16409569
28538869
32956382
22446192
31196892
19274082
20498254
26095634
28634856
23343143
12173733
32447557
26955642
18725353
14531794
18806884
16365515
21284873
14747204
22696034
24445937
19118408
15229380
17488343
11289057
22364391
11489532
21270831
31010169
23292313
19394377
12748907
31272865
21820337
22572000
29695014
26563312
17349054
12934392
17671643
11412781
24117221
26410836
20080751
11687636
11323084
27178803
28722145
21304897
27349111
17563457
21742052
15561964
25617558
32238798
22875510
15186963
15558233
17272402
12901503
16249461
26836250
17031610
27696308
18199798
19834870
21346330
30428494
22475779
16028214
22828168
18505441
17678894
14555289
26887929
28666500
18253862
21266672
27781209
15543562
18166673
26576435
27225690
26659804
21668369
11401438
21461382
30415877
29160182
29152654
30599002
21446090
23844375
28321905
29875005
15581066
31409409
24533976
11237227
21310443
16046317
21059810
25996256
21288651
26495765
25370850
12925507
22154324
31109344
26989452
12629116
19937226
24279684
26201011
30954534
19196804
20039857
17641871
15878744
21543418
27023007
29108839
21518408
29728717
17456828
23286442
20525362
24003929
11684397
23197976
16416371
27470412
16006591
25130038
28926113
18220711
29020906
22564642
23373429
26552609
12196482
24699828
15712349
15830179
12871135
15530148
17151322
27812974
31671732
12050221
30565672
15124181
27701057
28851567
22374176
26248483
22891211
21106770
22982780
24837086
18710364
12110948
15036826
23702602
20592051
16721486
29338727
20844740
29062026
31894668
17581137
27768789
15672110
26530398
21604969
30035378
18564175
22193383
23001375
27033449
29534073
22474029
15386214
22942722
28606124
23016523
28833278
16249462
15699508
23554999
30467971
11737599
22479571
29559443
18709380
30821020
17130847
27430657
26762677
11168944
26011171
22648966
20460427
11367888
22302365
26628212
31661547
15909595
30701791
28779132
19484352
25047648
19351728
30476653
16731861
20522592
21262584
19956544
31682846
30397232
24401133
27390143
30140993
18559660
16024729
23579029
12938014
20303129
29477147
12024777
14586501
29529692
18097733
30012629
25899017
20858521
25184161
28755385
18657544
30534894
22039354
20182412
19055605
12079620
14554230
19944681
17451836
25274455
31277481
26248552
15001636
18279778
11289039
31873160
24435585
29795525
32022976
16940551
26281830
22449442
19956108
19706988
12175585
17982066
26600509
27230637
19149796
18983327
19649297
16759310
31207271
28365567
15364160
26752353
31808503
19895808
31520606
19800706
20419132
32162118
23011354
30485307
30894415
26072073
31132419
11165718
20127828
22745337
15015140
18706099
12049616
26346769
25412860
19144543
12085668
18540866
25409232
19571556
22209973
18972257
20923488
29378099
17911421
18357488
32238907
20133903
18791949
18931022
31998808
11989053
26020947
15782399
24500109
11341759
27641937
29671694
32398822
11165047
24736664
24486509
11457879
12748119
21548990
24473435
20441557
17130550
18688868
11757806
29402990
26908121
19949652
18220583
31638474
25611208
21285403
23427248
11171547
24265536
17671651
24065655
17381243
16180660
14526271
27500547
29218913
22498247
27179626
23028558
23000101
19572802
16441485
12515291
21080099
12783611
16960402
32800775
30550614
28587604
24059306
22777106
25266254
16280645
28049237
24204831
17532267
28250049
22763025
22921892
18937363
12663371
25676679
31389570
29439709
27324848
22136109
24330156
24347388
22842804
20012396
32893856
26616527
28246353
15778927
19356064
19629432
16141008
29138836
16530875
25270119
31075259
23508046
11801453
22053898
25847566
25131724
22165700
19812988
29631984
27151219
21997325
17823503
23448427
24473321
22719219
29509210
27634015
29329106
26884296
30450618
25823710
32350386
11485019
17339327
17359645
25184149
19026396
15055351
21738052
15220192
23233788
22245613
21549702
17259387
19244253
15342107
17083620
19284967
16283134
12662117
11793484
23721405
32445760
16575611
12734343
23400989
11836299
12879954
19126404
21713319
12419283
17634210
11756346
21289205
28542222
15845398
30884485
15596216
24329532
20568056
31336140
15111510
12856080
11341297
26252223
19715561
15189363
24378215
15652721
20202768
12669268
24837225
20528767
17449224
30962219
17003362
23480298
12242465
21070757
26337344
26849944
23059533
18059616
21267711
26733288
19584196
31389569
14668049
16568259
14520070
30515388
22978060
22229649
24548395
16306374
22707198
20923526
15042541
20879971
30883703
18688044
24040874
28391065
30197309
19276445
22873349
29417230
24059590
32005708
23506721
16186405
22167619
29862302
30914013
26775134
15563983
17544131
12874446
11573146
31091127
25650182
23794489
21205126
31366392
21373934
31847264
30321858
28429832
12866413
19088435
22893399
29242313
22340886
31277074
27611469
16490224
21743147
24875598
31976031
15677791
32981272
25541468
22526486
29286097
26479041
12679365
25397325
23597493
12667409
19635521
15277397
25048417
19656007
25652373
30548403
19920213
12643132
15331206
24045094
26486355
28505155
24178745
19369054
31127644
14625185
26996567
24444085
23148893
12509133
24121389
28121358
32246071
30024615
20559501
26860746
14743439
20488574
18802326
16046319
19203091
27623388
27310578
17280490
18401556
30201775
20437825
29885466
21139041
31370156
20836552
15140033
18363167
11739104
15526003
17337769
11481585
22893414
16888188
25395195
11355750
19715898
23955495
25367288
11319921
20852371
12753658
22558806
32970763
31981991
26370001
32153207
26210631
31558544
30841430
28831132
19837787
25445608
23354631
19775692
14575523
30139929
23879411
21590630
20522590
17410940
29873444
16177645
26617784
21956362
12843130
29532875
26381245
17351667
14679080
19855922
11435618
22463974
12189448
24360973
26212261
23349910
22093778
18556567
11168337
27935966
22996131
22876189
27161301
19401426
16012265
21963443
15047627
19074809
31079598
19387121
30641727
22077156
31032350
22125614
22099811
25368099
18992849
31773666
19140444
22550716
19342601
27914705
24349242
31774824
30372820
12324979
11343328
24167558
29854821
27207547
11403854
29611765
17130561
17651698
29657308
20682687
12907373
12579507
15636639
11590120
15798956
29753320
11793848
19410319
15727946
30246940
19218599
27699784
29101219
16982440
27937047
19794412
21933987
11334429
27248136
28281693
21208019
19319467
21048079
31002820
28602143
15059616
11177550
27894748
19468707
17143277
20798335
30425061
23629540
21699681
26339648
15699497
18839133
29506055
23909918
17299269
26606254
21519150
24330074
21750399
11295562
29334763
15563977
30406151
16549046
28515464
24616092
16617123
26161865
27935598
19794065
16043842
23350935
28859673
11738799
19766903
30327780
30003960
29931398
30579324
26198953
19177839
23064288
17947667
29779026
32003703
31629675
20818503
29182400
16508738
16290123
17116178
12554058
17101855
31575611
28764822
30556154
30058494
28445304
15660201
22499991
24360362
11554773
22086798
26376762
23441825
18413189
26340932
32028915
21532752
19641380
19506323
25587543
17497341
27473828
23057715
17540609
26918796
26634809
15063761
27105208
12453420
15852445
26232095
16875315
12475768
26824439
28513288
23967103
15926190
11938027
26363782
29031588
17872464
19956098
19460888
26773575
28523926
19252289
27930657
27232509
15836661
11341342
16647508
22956123
17995925
21098016
27069931
26164754
11752647
31036066
12832318
32860078
26374515
23281898
25091486
25880194
17015165
19073714
21367419
11423500
17130480
23160722
15920034
16625233
12453975
11798574
11978644
12427143
19125193
21029027
21241714
26454169
28963041
29036231
25737631
24127591
22369132
24691542
31829402
29523929
16705146
25279695
31343818
20465154
31132961
17044454
29950115
28643395
27328642
23147199
25758573
27351287
23715170
22814286
17130567
25361902
20699654
26868492
21911749
15326559
16493056
20980457
29308676
30954515
16945373
12687331
26681031
26435566
22058002
19102712
27184517
11709538
32014572
26118194
29961787
26704079
28442700
25006976
17069516
29763604
15059244
12425939
17728404
21886308
26694625
15581067
21562766
27100478
25416469
20509364
31902439
18362437
15331532
23010200
15784703
22664958
16385653
25071027
17130540
23850635
11347740
32618630
20962741
19884767
12882872
22610174
25682896
31668740
31573977
12367555
21388354
30835718
18413207
23054005
22892126
11393552
21866211
26518621
30656435
23874506
26101070
25141837
14633865
11283968
29311680
21281981
31746385
15120474
24720784
26781170
22298356
15492856
19876588
15170498
12966531
12148086
18645503
14694850
17327342
19103735
21420036
28153094
26442284
17299379
33141822
16059790
21179778
29098834
17002679
28934861
25653098
32012810
24698822
32209332
31908790
14599112
27694910
26433138
23841104
31073110
28017506
24048418
18192540
11753758
24622817
32692893
12099361
31932949
21029295
17130563
18713300
24982466
26296196
11334418
22223877
23393682
31986412
12133402
30347077
28888576
31583475
23337395
31386877
29659121
12728975
31347785
15963039
23325078
30815865
27164497
25662516
29429532
17062650
21945035
19796028
15192839
11409293
20722683
27438594
23147865
22427566
11701997
19346182
30847937
24632039
23828562
19765757
16164625
12631336
18781959
11334676
24146886
28762915
21611789
16773428
16410221
31676868
28214888
14624405
29542001
20966625
28095440
30359670
16868148
16020748
23973719
23681557
21767890
30259503
12105293
24005636
19668377
16839355
20164544
29115286
17508196
21824257
18519458
28781255
24570140
21204999
22340212
18037364
17130546
19887029
27596333
28724572
21983986
24938518
30598071
12898973
25749274
23566118
30910560
17403124
22704111
25982245
24350253
25861467
17002902
18220657
30834596
31166707
22764594
21620828
26648470
21916932
28550760
21654162
23856609
27225425
21051908
24937802
21688019
19010562
29317209
14749526
11481397
17389737
16222606
23308243
31568772
19584172
21963508
26884439
15509906
21136146
20973695
28715444
19651901
25316427
18436707
26420863
29705125
26385826
22403629
16390390
22583516
20536959
22897138
17516296
29371016
25172521
15747579
29544538
15331559
21968974
16164635
19723495
23283823
22858358
12145775
18306758
26869403
21863614
25986997
31401713
19152794
11756332
23806107
30201694
29864938
22257883
27206737
24728127
24254933
15470477
28566238
12011660
17984244
25061733
26306450
22540253
26851950
24059325
26623724
16164644
20168990
31813865
25515714
30654317
23468996
27908841
26315042
19878946
18545223
26854762
30883863
28574750
19447100
27890035
26552447
30606928
12270547
18390792
12965109
16046297
17611901
27467285
27232341
16357800
30733971
22950794
20013939
14562608
28469250
24527463
15019601
15936467
15257916
15241679
15912394
11574427
20842108
26125699
18765665
21725918
31075971
25516495
28447757
12540615
12560454
23556005
31205953
18655203
28727746
29984662
19119414
11483232
29211853
15277426
31117357
20338238
23820217
21372692
22172591
19026451
24824805
18763636
19149903
28164326
17475933
26384018
22662207
20512310
15070960
15060005
15729364
23755131
24260158
23535541
17596525
20973890
30146830
28032668
32160960
20546279
22171077
30959073
20034369
23587153
17670746
26813039
16118269
23431371
15823385
21374549
19366866
30182172
22047106
28868873
17660267
19893798
31039436
31597401
17900532
27221738
11563971
31450982
31389583
17681393
12606510
22944716
23505498
12765845
28760087
27534967
17261654
12196483
27101570
25809823
28915971
22576021
22145702
29058101
25262148
28861867
16326070
24379271
25661663
23291488
28696414
23649333
20800300
24477584
16684804
24741944
21248163
11809615
22971100
26139146
17484297
22903132
23028375
20429798
19474720
19219684
29340699
18537706
28695984
20621835
25489054
21700086
21914804
24203463
25629059
31718996
15991799
28060188
18337172
25656761
24668863
15744531
15074546
17937592
16014697
32659952
29751826
17906683
18176722
22842069
26456846
21822540
12048686
21370249
28928089
22494469
27721485
18413157
22402369
15963467
17276047
24639549
22521320
20041826
26125742
22328777
15112169
16352688
25329046
17555489
28413044
16443785
28479387
12166538
17407072
21566073
29932924
19933273
32872333
22228713
17381501
12843155
16455052
21528518
22194190
11357481
29597287
15531505
23360884
11770799
16946562
20434356
18727153
29765988
18955007
16804062
16390394
27862450
16392185
22007496
20686445
16644712
19215684
27218147
29700294
25871534
25245120
18502742
29987871
23764993
32737319
17251272
25394935
17192480
28807666
26255202
28989026
16470599
30200077
11984998
17922105
28719032
25488546
25249787
23256445
11886967
25555642
26512585
27748816
32483258
11836311
26058934
17130537
16712480
21203939
30954444
32340263
15192279
15364166
23056239
20876350
11136233
31561637
30664212
17127405
16303321
18235977
30551436
23221071
25952030
22623142
24201575
22537749
17571924
12543724
21198320
18838325
16824933
23894607
22081334
19015157
21672515
27933546
24154763
15557158
21364767
26943604
32376470
21911754
25222779
18401547
18998201
17239257
16462590
25266181
23848590
12401719
14600075
20685586
16152798
31299187
15958311
26930277
11994901
16298630
19934557
16752183
29037594
31618644
17066297
28083716
30510626
16329191
15739197
29370422
19685756
19929997
31638358
19587238
24254031
27644038
23801799
15700135
12170470
25499137
29111170
14737747
26247234
17763998
26480949
22136912
21622150
23402331
32182914
18647955
32823525
15734871
26602422
23565851
26666147
14988256
23423575
30186875
23468166
23380813
17665514
12808457
29330446
30665571
19143821
23811535
32566084
19865180
26296941
31660880
30710592
20540435
31586325
23832395
19050058
12419932
25571529
18413200
30012919
20361141
21820685
28987347
23266418
23400928
23799564
16922713
27825165
29691708
31492908
29895593
32890714
16715098
23139131
25199622
12737646
31094186
15585411
14970256
14988562
25784666
17897750
31798904
30180961
21922455
32195947
25835383
18249147
28230165
26305464
17109865
12753302
22315306
22546234
15582592
32764399
18941219
30341903
24921414
22917236
23498796
11332694
20586815
20112822
29872261
12873298
20215428
20804304
25844902
30919529
15702919
22859852
26682227
28555959
14632699
29937433
18504548
16935700
18387670
21618400
23871501
11769548
29768333
30971629
30872726
19877185
16470537
19345729
32728045
17967803
15381090
31076562
20832533
24618446
22004942
24947049
22826328
24835482
15220218
21874357
17643130
28967791
27155871
30885574
12660493
16820737
27439361
27029904
20393589
22060631
29512223
22715294
16443771
23642086
31318692
30882695
17566115
12637987
31383887
26289404
11978643
18614852
30587209
15889096
15504982
28352015
24733604
14610276
24376773
22594795
26719361
19789852
15579791
18602895
23476055
14749282
30135132
26997508
18796303
24731445
19538749
26763822
28124145
18332098
25981325
16731857
28944891
24886809
20144512
24666581
23369247
20423005
18204486
17211561
22095488
22067035
27265809
29396373
23919599
20558840
27020257
23771172
23416120
28398239
19753844
19794070
18160996
16570154
18774994
29509263
24150202
30514191
16473308
16607460
22302242
16188578
25772105
22991228
15156690
22124438
19742300
27930871
30321069
23353773
30384364
24502381
16244106
25368098
24333562
18683148
23434935
31652118
21808142
15245369
21109018
33113460
24139907
15250035
30398060
29044608
11553047
32017842
24878981
14557471
30653446
17466512
22694282
28754804
16415884
19253837
11673332
31661517
31624901
11812765
23819540
31336461
15983205
21282369
18836152
17512305
21615267
29314660
17394430
28550710
11905853
27558530
19120292
26020539
15216446
27885039
23739628
12860917
24038311
28290785
29415820
20075197
32093765
18791800
23269357
16731826
22409602
31414473
17888087
30837360
16634991
15483661
32240615
17493407
20458967
27114192
24023947
25019512
24013136
18438531
22073289
25704854
19138884
12716802
24743151
16954020
11484433
27300133
12135937
28812028
26114833
24667787
29371405
16988007
30600310
19646184
29268853
12654232
25270067
30555088
11796843
24459888
19122346
22189546
16026366
23115122
17991132
18095216
32937246
18728231
32467389
22309644
16378108
29605541
20195523
21425780
26536590
16039908
11773861
31405668
16698433
28013303
24682832
25056433
19401417
14633864
30223288
29580854
16185099
22296580
11476746
21199859
19000152
19076258
22591706
16443792
19781803
25966254
19330466
21294771
12031987
24768178
26393572
23107109
17878678
27355244
29174219
28082453
29361670
23568554
27494688
25441839
30057682
23549806
18481950
18220661
22345013
26792821
32035395
19059534
22068113
28400202
17130530
14693423
27693081
22286214
12655783
32114524
15496957
23810798
29797660
31796109
25322985
15890549
21810068
15550114
17445220
15258737
24639413
19938216
22660795
29070585
14679079
22803842
19729612
19228810
25689084
27123641
12675860
26148570
21150874
12021134
16449294
23640936
33009446
16277898
21147013
18459944
31919106
26596562
18279373
22487833
21854539
20739761
24059295
28633163
11359468
22342832
22581041
16463048
27207512
27062545
30685765
20865371
20628089
16714246
11164120
20718847
31171906
21332672
18537708
16642640
19833886
24984282
19496967
15571925
25471481
31081965
30894700
22672870
26624892
19966469
32535382
12815107
20583965
22002884
16427644
16306338
17897328
29286100
15719612
29414966
23174855
25427889
27363418
24515539
15607533
21323639
23194643
26458381
27383323
28427241
18622262
17130573
15711567
28228611
20737676
22052079
26936435
25067828
12123481
29641994
12832613
25474550
17823371
30646354
21750018
18413187
24752040
23956503
19965778
27405244
19066844
25860064
22768304
32709145
21798071
27080919
22460761
28767702
20967696
29494961
23146021
23281828
16526196
29437903
25636208
16780836
21441442
27229720
17437080
19581414
16906650
17566653
15905556
29934127
26941017
27793583
18535552
30336516
23230081
29242120
29283331
32210316
19095023
17355942
14674437
17051139
27079868
24531153
20735855
19474188
27529235
24477262
19393642
15362503
17018838
27050070
29317203
28823169
11344238
26935863
24535206
21336994
21796364
22107728
32086287
18580850
28073131
25997216
17406657
15109939
17473221
17913262
28826655
24340000
12874445
30513130
20031772
31318104
28400392
21119621
19885845
20930717
14717924
19007767
17636114
12618126
21270242
24191241
26808499
19515026
32242650
24940871
30245508
19848202
30885951
17284779
22399504
15857159
17251488
29074590
29102916
12511541
12687344
25495844
11592928
32012942
24349305
15112906
20546258
27976498
17286233
17151309
16731844
31500224
19368707
32160476
23294976
11327701
22349573
16192625
18290312
19124394
22168424
11730837
21499891
20209122
12196475
18840770
17545029
21926276
17392141
11197848
25979858
25701779
25489922
24521356
20010968
27633502
18754748
19000139
21283728
17632690
17220636
17945166
14603995
21775499
32528078
15546994
18272603
30597310
22242942
25226804
17763394
23221578
28543864
19120268
24710643
12393479
27816684
18590605
16545086
21771974
25725621
15619288
20876716
22247452
30574144
28976992
29452233
16765625
25613939
25673459
18759852
17690470
24077807
16127462
19655427
15794920
23318573
31540220
27000098
30320520
23615507
23745945
25765998
27260409
27747335
17874149
23153210
19458438
31818369
19455302
17702129
17938503
15821785
28694462
17961532
11309401
28686739
30720765
12083814
29454299
23057719
29617380
17018847
11719843
20883286
27900263
24444412
27151572
18078524
29220073
23385086
11886709
30603868
18701018
21424681
15550505
17284935
17968527
30516208
32398715
18184923
24707343
24129556
25993678
18543106
19764891
16102573
25068282
30291832
21939398
22571664
30784908
22967957
24421150
23031813
29690804
11855934
31500826
20299783
25695047
29031829
12411155
25272526
28246355
11286643
12124201
21934636
25062888
17425917
12472377
31524257
26405067
22885922
19207936
29854817
32172930
12148096
14691186
15512788
27025721
28050671
16838170
31331105
17169983
18558477
18599519
19808645
23620135
12517831
24413736
31880529
12118085
26064986
15126286
29027826
24725840
11260397
11872670
17130564
12757929
32334065
26705059
25322827
20739684
12207816
26059258
11473083
31827251
30760653
29238179
16443795
30270018
19387113
28980194
25565258
20979558
20510319
15853732
16933180
29734081
28607931
21606463
11558907
32820009
30316779
19897925
24141423
16273109
27173344
15608258
12849920
28262438
12879777
15214031
23786298
24059294
23651029
19943796
22415069
20546256
15364163
12133550
11865082
21380592
24464455
19158322
22198047
19059289
28872686
23719380
24065674
20164427
28567521
16276008
25792373
32125531
25824963
18389211
17114913
23465832
28704113
28254488
28303003
19542201
27481061
12537092
28811499
25053586
11327715
28881290
29252073
25036354
29207974
28898588
21235496
26739493
15078145
27585937
21121772
15375785
27299781
29620215
22382461
17876100
11842281
23922971
24008114
18560894
28318634
24782410
24041758
17923771
17088535
27324218
12592642
30660685
30272307
23925433
11232004
26234742
26369706
22296034
12746445
18443194
30602713
28598104
32276904
15061645
19609442
15918915
11414764
21673421
12505750
17294737
21502982
16855620
16928372
15747389
20676904
15223230
16285997
19566570
21273495
11864394
29927618
25921580
22605924
32376986
11375346
18640239
17914354
16507305
29024782
26904692
25063576
30458806
30790610
25962664
19474406
25634229
27539289
25401395
30699357
21741858
27581061
31146667
24462364
15677796
23159951
25165408
12227119
11145722
12524470
29966853
11798561
18019407
28716821
26947052
17900348
30523028
28060743
16134592
29323070
22549789
26345792
15172858
16377020
27424994
28663383
19727444
19553626
27655512
25170835
30264677
19258404
24125804
19336673
31473332
17143591
27393003
23129325
24078057
25278183
14625134
21713584
22849862
12029458
17052195
27889714
18557598
11585673
25401107
18684424
27716393
20112724
22227068
23878349
24713655
16816123
28110219
24936866
15921162
25694196
17013908
25201910
16604193
20740392
29792271
28848093
24038247
21468580
27940875
25595486
26130762
24726496
27145852
24903577
23429494
29282119
19542745
19768110
17429603
29759007
15165749
31819375
20173779
25417412
15971062
22426864
20877570
26400516
19793768
29914933
12849007
18959617
20723817
26872534
22542658
12519860
30629617
21544516
16907705
11808326
27986580
21702218
27608006
28428480
29869808
14578247
27180624
15065337
11158005
15902512
23518655
20642368
23104384
22966766
24189507
12838387
28385600
27581932
20520806
17000240
20490454
23680671
17889380
16690410
16308633
21447785
16731854
24866314
32730875
24517008
31038027
11720253
21220732
12829700
30362298
12080441
23970406
18280445
28434033
21211090
20652278
11433662
19587699
27845231
25648080
15579786
18363889
22982461
18924264
28860123
26297291
17540229
20939814
24393375
19276538
11380083
23226259
12166624
24595226
25692923
16504056
25085431
29992491
25115772
29210521
24681897
31532875
11295831
28263745
27640118
23904355
17522264
27545597
28346520
21514682
21820610
18547237
17009076
18946483
24838153
17888129
19082141
27585521
16397906
24678913
29627525
23499715
28886131
12796708
27494404
27855634
24582332
21321581
22065275
29774466
24621175
26037596
21607631
17257313
15561961
21900290
23037711
16527214
28271030
31266232
22940420
21048029
21564514
29670293
20194712
24339435
17443310
28122882
17320348
24437264
22403299
30708140
29883639
28402852
20922569
22126251
11318838
22300541
20157549
18057217
23979397
15265369
27888791
16797533
22540858
30748094
23840818
28622709
19237015
28843433
31390268
17164779
24635696
31173254
12077221
17719568
11473060
23139357
19933191
11507649
26283734
26311695
29491471
26599540
23303660
22928559
24449503
23039789
16019717
21628452
27049477
27029739
15216444
29789398
25933189
12133536
12242456
12540612
28944839
17615264
16002077
18728230
11386758
31078925
25015452
12126783
22490341
18227068
14989712
25268360
31972423
20805743
32804155
31129183
25964488
22553958
20015941
23120809
23091851
26773925
28476931
26936771
18633156
21929649
27089006
28473463
23296264
24466155
26467127
19880509
31317835
17047287
18506785
18039812
15623795
20622454
27230431
21591858
12643137
14988264
21418712
26698225
19199257
29985711
24003925
21263402
25302617
29327811
26241401
26969972
22361322
17022097
30612139
15892459
28371426
19289270
30310153
21081500
20501676
30278816
15616011
30197161
19032965
14679046
27927696
25987249
26786322
28727822
25622392
19115333
26820452
18850043
17445541
25368101
23155715
30132033
19581015
19110334
21831970
32683074
17989309
22471336
32243891
22068616
15662559
18174522
20946020
12753807
16630552
26826461
22377232
19450275
25450819
25785549
31218232
16087865
16681562
20032281
27777196
31449493
29957071
20361036
17567565
29670663
12021138
32990240
28761062
18035000
21409316
30453691
16538488
19528169
29853397
20818805
29094308
28642238
31070566
21803132
11473041
19413312
29458357
30661991
21785580
24846610
20064693
19655390
24154559
30978343
32132523
25359298
20332346
12975475
28440482
12594852
24002897
30480819
23135181
30216438
28761107
24666993
32472097
22445099
18815589
16231067
21975116
18845290
21788310
11947963
19837152
30098276
23174745
15629882
28202837
17177267
30867509
12222694
11440372
30654664
28871079
29993180
24493031
25498543
30926524
29521054
11511079
22289546
22134120
11901855
20378605
27167084
17130203
24582139
24120394
21335216
24468099
32085882
11911825
21452007
17919192
30759032
18752089
33383970
26025382
18154415
30590050
11899083
17409517
27103565
30761686
23212104
30372851
23775071
24926830
28573768
30814439
24667560
15683448
29120028
21911746
15573148
31629762
24467246
18230106
12032760
16014051
31682881
11978670
12765974
11943762
21326205
15364165
28472298
22584884
20146564
14749259
20403154
23181718
19646957
18628340
18162509
22694954
22110783
24611784
24587207
18847305
32313015
29912386
28487936
27307695
22381691
21803771
17665982
15280531
26674569
21168376
26782299
29654303
22413512
28943514
24663217
28638873
27545600
18190998
25298321
26092093
20519313
12079887
20414044
22425436
20546278
17973859
25047451
23847321
15373974
25946000
28193859
25447227
20447388
24492284
11596674
25131094
29197896
32370465
29855804
22180056
18048762
18789138
21352839
17275123
32445468
24423325
29855803
27853072
11924926
29885164
19697079
23322513
19903754
17353295
11723056
23841752
27550203
24151200
29632379
29445083
23300827
26025700
23918689
20865372
28341729
16005359
31607066
22427569
22982046
18289068
18466348
25495026
31096186
12213971
17204838
26245339
19169493
18304222
22049796
28253885
12546609
24134628
25193594
25588466
22790062
20724798
23324575
11857053
11544012
19516902
18158829
22541329
24913133
12935776
24113456
15277434
11322940
26763864
28540676
25581748
32722636
20415212
20923958
28000044
11085914
12444175
29273724
20361857
29267310
31308433
15914531
19228875
23192694
24298056
26689461
17869073
30746902
31049798
20137661
15509590
29724723
26564177
11409711
21674179
17985306
16763167
26621248
21304230
18591389
21219437
28952033
19344500
18706702
29578255
11446433
31083232
20160352
29074437
23757053
18241614
19207938
30403316
12727905
28768285
26508318
26924185
17237379
31650267
26389948
32735887
19720797
16936219
15031772
15322171
25438063
24979255
24440313
20878391
19789630
23223019
24789282
15166380
30334404
24266052
16530129
26646254
16306333
20004673
19167349
29141982
31668381
22310128
24606011
15161630
20943749
26249556
17172221
30058674
25308835
21364139
26606054
27746285
31195367
26781648
29266779
26544198
25186292
19741467
17551474
21446159
30135131
29331760
25906071
31534055
30886210
27344314
22763790
16759312
24685054
29573563
27487694
31141482
29632382
14623110
19438831
19808625
25170869
15790362
30741587
29022606
18437223
23774118
28808665
15303408
24802166
16232368
23823918
24559927
30225723
12646605
16914601
21911743
15209435
21183721
17179929
20490673
21696527
19323963
30286957
21340152
16941279
17937736
23706645
16309371
11640993
31038056
25888350
26782298
29626589
19366862
29143895
31180948
29955086
31601051
28559245
24152833
17341285
18422469
24595351
28951300
22003111
25971328
30248336
20690892
19670266
28981093
16333311
12882935
26044585
24724734
28883516
16390391
29035040
22693523
30468403
15286795
15866237
17563455
30355671
22368175
27530212
14968296
11317658
27444229
28976299
28176381
15663958
15821595
27379252
17508915
18225590
26800892
31852261
23111648
21779625
20519570
15322170
27308832
16516154
30860284
29654829
18782870
16518588
21728808
15456154
29209813
17869647
18287886
18785456
17003476
16306331
31089412
27614127
17226106
26900161
26700463
28351619
24129397
18617287
30212457
27012037
23315758
17911358
19454188
20144318
24918489
28733035
11270685
22297234
23457508
24925443
25222839
16949519
23291412
14517956
11487178
18336530
29364210
16891094
25130743
22212431
15182254
27139004
11508272
23257691
28322157
22025647
29637443
15541390
25092567
26894575
12955673
12714277
23065222
27699170
12021094
20691708
25149651
25727201
19128771
16995576
15930170
20100233
29073614
23506800
25120817
25867326
24255036
15914643
18406405
22110479
19415232
18368387
23551905
22898764
31600719
24254850
21595284
21191145
22369243
22803168
19403392
26525588
23835113
24985009
14655265
21854750
18974966
22939844
18065518
19666909
26264855
20384434
26868133
14966918
22369720
31450972
20546268
32751643
23298660
26348713
21350340
23360319
15040162
27062898
29444168
27055882
17376814
21677915
28744814
32798635
28173719
14657549
23649370
20025937
21211036
29673926
15304349
18486763
15834701
25185079
21249428
27469170
21623004
30517030
19789393
33472798
18442626
26675016
14718351
12712243
21318407
19915388
22925073
18054320
29475908
28994599
23062285
28852138
19805176
23369358
30205794
29859273
25405601
26226118
22029806
18671969
16900387
29291779
28601984
20630933
20977574
12923232
11723074
24239502
22069267
29383971
31553023
23007678
30696455
21765850
22180093
18853134
15897618
25676501
25832640
26820803
30466005
16791616
20536548
25484249
22678801
11574410
16335696
24204780
15220213
24396282
30456822
16355419
26431034
20376724
29707204
23132586
24465923
27131835
12136340
11935159
23872577
18460817
20556377
23438205
23195328
30139042
25481708
27475263
15201161
29391467
31173353
16890542
20140850
25476142
20446572
28042580
12774163
25814526
26311112
19651817
25396419
16631114
20921414
30182532
18725892
18037994
16050950
28197920
24205231
11928564
24205240
16722160
18615853
23707370
32371144
12606529
18080810
19891554
12460054
27979811
20819414
29912482
21963730
23663075
26116697
25754382
28487469
11782864
18516100
28542303
29207384
19817794
15054412
18986336
26641800
25177707
23997076
21558015
19277603
24361914
30205319
32950634
23365488
25523979
26558681
12623933
23484152
20538742
19478208
12706315
17478003
15221640
26072347
26296198
25146448
21450970
25456432
19897683
16374433
30605400
30759346
19029977
25730040
27357417
16788417
15296474
23103632
20057365
17374705
25641259
28290552
25322755
21515377
20622430
12475766
29459268
31974139
20183805
27454437
17881614
28601647
23853776
30338914
31319158
18032782
25641178
17563454
21234863
14675393
15599338
16523184
15524175
11380082
23350725
30118770
28135625
16098926
20580771
28399645
28347637
28009047
12039697
20033714
21414306
12517259
25929022
26386012
21437567
22151254
12207876
23692438
25957425
17473223
25093408
27769711
11956018
18508650
25765664
29111615
14566435
20960176
23552863
31002823
20615107
21862167
29084567
26712701
24911120
19074486
17914241
18003757
22106155
11978666
26039078
22540250
15519277
16416271
14694084
28837672
17652156
26618855
12778447
22402952
19808892
20144192
26210811
26902681
29248832
26223490
22350263
15300159
25445038
12830381
15754742
20600850
11900280
25966064
23719679
23784442
27159655
26492974
27138707
24442509
23066908
30481877
29314827
11941370
19567349
11914735
27043041
21050479
15219384
16378435
22203837
15309293
32221071
23307605
33181259
31952248
16797871
27377336
19186074
17709881
16572495
25787001
11994902
25368487
20200974
30318957
12897091
25810022
21417718
29685723
28740254
19066494
25875376
25501168
19120307
18573122
29971619
26176428
30569414
16926384
16082529
19111066
23121162
14718663
29512687
26287533
31358876
27670799
23580087
27038876
24261449
17805473
25816395
15654326
12536047
30545741
11756320
27274779
19727214
30182103
20223122
27659712
16271515
21054355
25759411
23224494
20940178
25799429
17628536
27774826
25358757
12424108
16306347
25109475
29078040
11940333
16278149
16814095
32815547
28743882
26892148
15111529
28874324
19377888
17213273
32216767
31813922
23022285
16174283
24222346
26002590
12795417
17498265
22187431
26748675
16621153
25612738
22110070
18500427
18781616
23130628
12242463
22869588
29969905
15617852
20921292
21792151
30824713
27422531
19268552
15047630
30733541
23093658
29659791
16612590
21812815
27177031
25494859
29890547
12475459
16306329
25530976
28238841
19602045
14739073
11456274
31215021
21518169
21544542
20160398
25266908
18555794
11397906
19356108
30256013
25883954
19590894
12757263
22886309
17895949
21198561
30694714
24772448
29093331
22902055
12145184
24281154
33059026
20112725
24398675
18620562
19700791
24569551
28234964
30073543
15501398
18405640
18220649
17329911
12198128
22038981
24292969
17130534
25418285
15561949
16961925
21159844
16741021
11756344
14586741
25617895
23768346
24646636
24739263
22732486
22296201
17503332
33417895
12948297
19360430
12387452
24931083
17967522
28237777
25800097
25509148
18075496
28843612
15592940
31759027
22570331
23636998
25795213
21111713
12378405
20217507
23771613
16900881
11687612
14575972
24624779
30869526
17611256
29197589
31132981
29135090
17082477
16848704
32708887
26697502
26355782
31983259
22476949
15930726
16406631
20500788
12485472
20420754
29257218
25979075
27684496
16783472
14740347
21596380
16013453
25125338
18082151
25333705
29353038
19194835
23846959
26025422
23939938
27437539
31797865
32107002
24065795
18490518
26200819
22167593
28468959
26473856
19404609
21545820
17615265
25440562
31785408
32722679
24672804
22781158
32200667
12753312
18997420
19053028
19861867
25529203
25573746
30458724
32291276
30343445
14519594
25337808
17161225
21719578
24825548
26636106
17062892
23735664
11872696
19533301
25150574
27683064
19820429
18984664
11872687
15488651
15955472
31016992
27689719
26864934
30221681
24779302
17257281
15699507
22538358
24397406
26717922
28562572
27670767
16186412
22522926
24878476
15277400
31623012
24983750
23382304
29457866
30755628
27865159
26302420
29846237
25736406
12876415
16826799
15184980
22652429
17900838
16397907
22476978
21388358
11718066
23125199
15959417
28739347
11259925
27364889
17452235
18691024
19562690
30392157
11841494
23157689
20724646
22672869
16778129
28531120
27256595
19587315
29168198
11916943
23151679
20724598
18250615
19504086
30742025
25034129
25070827
25379510
21331741
26654777
23762245
12962696
17504241
20126586
25185982
15793269
23285077
19444646
16523192
26400882
31914690
20217509
19592648
12031974
19136655
20054294
21119033
21261120
23940698
28260062
16340785
31679115
14693722
24186865
31881302
24053193
19118870
31571208
26202050
19152242
24534217
19799787
12716764
23941231
25356875
11562408
28509690
30465894
24005634
19507498
15906397
21094691
25054777
24722187
28576976
15766738
25214251
23771787
18252906
25389247
27289208
16556985
20425581
27146011
30825261
19120271
17913278
28502589
25336652
19372595
30066044
22293113
15496156
20217495
20133622
17686386
11729524
19544420
15723239
16752430
31586324
25678012
17548264
21779873
30868054
26658553
31637753
25226365
32104542
14716834
17261973
23727064
22928565
28946194
12200076
30016773
27418144
20682692
12683326
27106716
16320082
24081379
29392977
22138143
25085744
21606656
12017192
11345587
27638852
26031759
12637977
31610197
28850267
26781905
16964424
30973512
33522515
17483848
27381964
19247628
29156537
22357099
26773931
23641944
29458052
24345642
27470548
29675560
31399863
31485886
31499478
23351716
11313020
16757882
23349479
11514398
18404607
24728038
27461219
30341519
19625611
14578302
21084847
19798418
25726767
17682668
20942928
28363777
24710510
22759394
28831005
17697317
16402031
17052201
31349381
24963878
11508274
19615048
25563724
23351562
22506066
22891215
24071662
16644681
24710699
18762020
18196945
25839939
25749183
12527853
23339930
15531525
28487012
27096430
16380465
31435002
23250986
23075146
33152907
17021601
32455800
17911414
17597095
17173705
19654439
23804257
12386964
11728949
31950067
29569324
15699510
12503852
31752367
24508793
21816445
14628902
15358602
22572103
21820077
21762526
33322416
12004335
17213278
28738518
28000722
19026938
15549645
22419714
18930409
29476664
22058052
28056793
23430124
32025861
31714650
23285235
12037739
32415508
11350189
17148569
12750767
26695434
20089178
23299915
24725740
24098457
31098640
26704534
21668821
16248282
28533125
16753056
11755474
15842514
30221656
26642791
12871137
27081750
23648338
24115628
21114363
18782261
30585632
22581745
27109771
30450513
29632144
12520517
19297292
31733658
19367329
26773012
17479438
23956346
18846047
28412087
30853448
24210274
24344781
23028459
15189496
32707301
22928560
15861211
17100583
27625010
23638917
19433262
23457408
27452438
29631689
31623829
21317396
26768002
19168598
16098823
28212742
24065684
18220689
19472040
19490627
11157681
28436095
23804262
16950544
16538473
26517838
17310221
30890782
16087164
24364912
25273319
11393807
24734255
26325148
11371557
20042376
18678618
32869607
23804578
31219823
28455824
23710469
25091340
12698956
15047634
27129289
31922216
23696562
24201223
31112992
23916985
26522144
24655058
27427908
26699650
22433950
15292329
20222435
31611596
17324929
30442870
29523882
22369568
31945627
31476346
28607454
26188370
11291558
12707947
22156553
30078220
19474189
18841571
18780770
24434545
24989996
30191644
30063815
19000735
33278386
19834879
28222445
12784192
18828727
29601949
30300385
23402837
30868946
23983188
17765928
28689037
29453110
17011062
22074575
15384883
20351753
16756877
22717959
24398515
23246353
28460264
31076502
11508276
17122149
16917892
28191470
25798941
17846994
22194889
18496666
12206992
21455632
30097599
17130512
18632843
31246698
27349002
23936397
25200998
27446956
32415376
16277897
24984602
30430950
27374075
32561825
30310152
25813674
25179736
20001681
16503991
25819010
28004468
30336709
14676945
16184618
25724395
18346985
12118200
30728419
14741193
30342478
20562008
25238812
17130533
24743600
27407072
22693349
22104260
25707205
30359296
28192442
28662663
25625368
21212173
30237226
19434628
30835362
27018253
11798951
30834843
19845582
32360624
31466066
19998368
15203887
23989723
28950391
19070859
19291676
16307473
16513286
16978373
31757981
17416350
17657604
24721882
30670068
24894193
28349930
15931615
19533015
15163543
14991460
24740756
30503261
17994213
11357375
19504239
17703236
22304835
18318812
12021140
11793020
11516204
17805472
19615802
15906405
31545295
27111659
15565371
28316001
31264924
29210634
30805658
24957500
31505737
22311497
22984506
22982056
23316219
15379752
17303807
22004710
33212150
25987348
29469229
22005565
20498286
23089644
30451383
23157220
30880915
20104654
17130467
26479550
26840039
27107575
26073330
25207843
20708379
30902747
26059110
32226409
18057577
18776148
20808074
20636966
16492203
31923454
19252134
27846814
23054006
27706649
15298348
29588451
24620720
29609688
32722136
15361289
28081822
25910875
18632178
20346437
24442545
28350539
29221790
14655274
20651823
12901702
22234468
18301398
20221424
17143607
26802537
14710358
12116179
31446160
30064293
15024185
29053425
27404933
15068745
12140742
28963457
29774533
24051999
27005938
11516996
19342262
15078585
23894862
20334678
15504986
15888726
15964236
23052709
32326243
16691186
20974673
23804265
26924897
27736734
31685635
26648531
27325565
26074316
32998048
21341384
19061490
31391336
27001280
15869838
15983216
25684455
15512786
17701054
26806835
19323962
22009485
15569136
11380512
15321757
17977958
18298656
24560136
28276289
15580558
15221799
15877293
12369716
22590537
26810132
23934056
23950934
28333074
18382660
22920224
28256636
31424011
27820699
17577421
21282362
15729617
21712180
25906645
26830041
29943551
27037532
15842511
15172007
19367386
29107288
25665645
28162229
29259102
28834219
15550470
16324918
12659868
12453961
19463916
29916387
20728409
29995756
16373396
22374754
25233961
29995800
20939869
19169495
21803403
28631330
16514433
28303303
16035308
11916624
28585914
21446926
22470138
24002895
30002281
30748104
31373850
24329691
19502259
24639097
30730852
29575333
17516295
30882233
17495183
17030152
21378176
18291549
20527046
17354258
24925305
28431529
26483196
24816832
28732797
19634152
12776270
33152927
31432104
32547010
24060484
16752173
25536877
11802942
29440655
25981498
25754093
24743240
21193557
22831748
15448106
18806296
16964447
21843065
28595632
20686866
19654863
31893949
12552126
22124463
20106981
29121498
19919578
18078386
29498886
28835639
21270240
16632099
32791151
25043705
28575730
29159468
31222503
25573751
30809106
22069294
21356272
24226095
12721671
18796544
18952314
28585683
30388276
12606534
29452547
28279194
15301864
18566344
23009393
15857235
29476359
31377977
11355573
31861156
21149549
24055484
31468458
26960417
24747360
19866471
23228162
25098752
25303482
24553120
11978630
31691802
23684663
24908639
12042155
19306524
16918594
28842730
29783211
24986330
12955723
24842252
18347327
20567778
22441719
15047603
30519591
27909015
12851856
24511132
23607861
33248199
32312896
21380725
22653590
12606520
17141246
11213892
30803941
17160088
21908218
23772634
11793013
26786283
19514640
22402060
15563968
19286335
19952343
25632827
26441236
26991115
17706592
26822084
31145933
21429197
15793262
16955103
20667563
27612024
16908084
17883901
19215277
26268872
14988278
16141788
32149153
26888576
28250059
30895947
30994864
29477131
27130153
26463504
12172481
26530464
27105518
22563680
23116444
29285756
17188340
25998196
12079838
27562101
15886397
23940800
23863625
22479612
16112275
15793242
22815030
30875838
15693590
22983607
21425878
16580687
11796484
29874417
25635986
26616148
21675944
30426892
18675592
19631916
25255841
32333952
31749428
22393835
29404926
26050565
28274157
24728905
24105413
32994439
22110093
17363743
22513821
31313295
11786082
19918773
16249434
31217737
17402793
15223990
32764569
19584308
21885147
29884907
16155734
18662330
19381165
19097921
31638168
32127821
18261376
17183695
17242918
21042792
14988091
21704391
12485196
28911207
23066155
30187036
15505998
25004253
31540445
24886035
22327199
25579745
23539754
16696315
31076079
21150113
31827651
17265031
12204421
29901130
26492282
15241729
24450110
18513302
29423803
17160673
31262060
22796691
30115653
16964961
26270535
20348234
25084986
23152292
30848505
18664022
20009087
19035627
22835520
18696049
32529498
22541537
15793260
23788637
16911628
27654903
11833004
29269438
27677687
30861254
19158347
12722925
21654843
11422741
26411674
30641791
25164320
24367624
32853650
19961051
21998398
17923773
16403820
17549387
25498609
16142506
24724616
15687389
26003073
28536471
15229378
23157875
12778438
15950223
21512317
17890896
29515040
16892422
26666444
16034108
25505293
31044637
24063815
12820696
27951474
31781116
31062324
20039448
29911757
25268649
30393200
24468609
17982915
12753499
23324250
27553771
21933315
27813540
31599432
15821833
27261584
17189871
22591908
18679630
23202973
21414605
24240794
30041644
16793009
30196019
30526660
21973210
11369008
19366350
25576800
22843491
28862987
28099913
11272167
29115468
15479564
26783078
30814508
19178518
15073519
21747830
17704618
14641647
21099255
25520013
22749956
31228372
29775891
15249995
23806330
28731155
27004414
12510849
27890722
30266127
15909155
21439668
12934346
19631025
20816753
17166616
22837107
18331706
29362226
11796823
23393686
22891874
31025378
22937115
27943013
25324196
12396995
18560422
11520049
22621761
19264985
32907815
30120300
20009086
31605659
18209091
25283363
12829653
20732924
17937063
23155751
16759564
23329136
25998958
25034542
26333124
20677158
29304344
21474992
22366893
11437866
17130565
22480418
29619884
24221136
32738388
24783774
17101543
28204515
19120276
28457527
25883955
22297672
30915639
21126518
12055342
25720614
20975707
18188158
26374728
12086954
15985796
12369727
18222103
32764395
24402011
19252892
16883527
17127438
29109006
30575282
18437207
17684520
16987885
21514610
31737685
29247329
27639791
17021921
16336586
15862027
23566555
29916537
21915815
14522095
29587489
26825543
21340625
25532619
24933231
21094798
21922456
31597639
15161794
28235148
19344732
30103423
15047613
25948679
15613685
21097569
15778366
19296077
27595397
26782387
23791972
18776996
16280644
18591387
23028138
18693052
22127642
26184271
21699626
29369915
18270681
21555558
18445177
20304061
23991016
12021142
26882051
15467826
21646860
32777525
14593617
16456679
27455017
28263491
28767064
29339498
30883865
12469361
24690159
26092427
32896625
18085721
28119515
24809310
12769728
28436179
30086370
26087339
22482732
20522597
12789546
24558078
19775508
25359423
21896932
18159845
16167150
21709646
18450419
24192280
16557223
17897026
16387144
19783860
18279023
12153984
30328289
32436607
25947892
15345042
26318399
28946139
32061761
31626838
26274050
25393115
30771735
16759313
16972249
27743883
26555260
29726577
30010847
20851745
22672138
31859960
30945665
21304559
16822823
24023848
18544103
27839658
32502009
14559723
30259374
25463099
24451141
17948130
26994357
32835373
30142486
18391435
30798121
18551525
12905705
31242128
24309190
16808808
26503742
24098138
12431248
25016074
17653584
31485258
16752166
27597954
24721634
31526443
24442125
17189536
15606695
20111020
29406269
15514704
25971976
22496518
12885271
31782507
16049319
30865891
23434541
12819898
21303562
16231022
16682803
21040498
17065350
32475820
20469787
15692809
23656801
27629361
11872691
27787562
24972764
16981144
24454989
23032068
11334426
27411436
29903247
17065359
28292576
20415584
19068242
26362169
22335469
17243865
28652527
24960246
32912711
31073745
18695102
20144314
33320482
22856230
15222129
32242546
17479445
31060468
26277484
11679417
19088850
20854389
26433129
20056949
16380476
11668578
23653276
27460630
18004301
16753019
22061269
27667665
16333379
19328037
17976307
26175156
17768029
29193502
31202960
23099265
14679087
21691805
23155716
12843189
22377791
31500834
17158179
15301861
28247576
14987383
21419757
31316151
24439111
12941783
11780465
20450751
15983191
15300636
30888963
24665917
18834717
20633730
31283677
31030719
18556337
23014256
20415860
17151292
29371109
19942417
25446319
17496359
29249162
31016518
15833045
22733810
26908090
17496355
27090396
23641007
12019787
26383809
24846859
29407342
30971122
16550170
22768671
30523024
26761945
21538164
27941951
15516784
12732844
31961715
14631893
30655379
19502378
27582142
23599336
24042324
23724055
17689944
28404768
18698221
25894234
19930746
25705654
26448950
31103416
25112182
17012869
18825362
26586006
30506719
22113441
22015686
19458622
15985482
19229592
30721637
12658909
30837372
24195695
16732015
31615285
24310561
30160528
28207937
19577778
12021129
22414228
20826100
11834421
16176189
18180399
22145471
25255225
26993665
29916530
11557574
24378208
25336504
23928372
30168039
17052206
18496509
30622677
29433735
29528396
32445922
14566094
29845208
16951358
26702930
27111119
29594371
31287801
17980008
23439381
17003339
31746345
19952346
30113450
31118273
11853367
31974728
15469391
25771874
27119337
17131142
27488727
23041393
26101954
17620318
12882911
17598085
20164374
15378058
30531682
24586872
26669242
12116177
29449307
22443353
15654512
20005362
26497329
22414057
29679626
21325017
12960309
20832138
19536309
18496221
23850972
21490072
22895852
27834325
11687548
29749466
23843977
22387044
33546062
23111731
29549418
25293488
30862474
17496904
17088077
29343656
14749274
17277778
19390222
31146750
25514087
20409603
14516411
15286800
16906437
27692165
30359563
31656501
16651743
24648162
16781717
30579336
24498211
23360422
12196470
24103534
27312865
26904947
23295287
25720603
17344217
12802493
19820199
20370570
24975239
20839379
19117022
28373900
30587186
15229635
30129056
22739107
18692268
23527960
30694829
31296181
28341121
27291248
11713231
25920251
30250027
17647144
26176799
12046551
30514096
18256353
25587098
17567649
19647774
30523035
27103362
27830702
25027322
24977161
29655866
17664136
22086159
26936407
31168905
27012748
29518490
32853219
26323470
21926270
11853190
27048654
15284058
31120862
25877817
21443457
16644716
26520063
19283661
18451265
26448299
22293779
16385762
19258437
30501031
31758285
24081879
22101446
31287224
31959871
20092902
29409356
22283836
26802601
17950112
15893109
12598908
22326526
27352290
28636232
18793158
28323911
15699500
15351718
28604974
20206420
29739729
31378707
28586073
26239055
28314760
12021084
18221440
19333572
20873117
17142129
19096518
26080605
19011169
18599530
15080073
22809027
12590019
27056913
30517079
15336779
14646187
27111895
19956107
26390534
31451871
30763641
19667061
26367734
21975431
30577594
31070649
22048965
15592662
25695715
19375760
21163139
25937176
21871684
28942038
21412422
15086470
31754894
11347745
25502582
28721439
23579070
24664457
12898215
16685502
12161522
31446532
27048415
19645710
31589561
19126543
31233505
19035184
22451275
25894126
18360684
18541996
26178916
30379091
20862801
22824914
22235272
20574430
29378451
31861649
14722160
18220593
31561444
15926114
28199183
12165749
22736937
33069738
29063374
28669512
26523620
26394923
20581655
20668700
27352776
16107864
31168987
20939803
23712504
17485860
26335179
14988274
19816194
21912671
18267303
29506634
25513733
26619800
31847097
18302531
21750414
19694205
17174747
32377527
17574229
27173229
23358711
26998692
26290149
25801214
11578972
19000992
27652811
19171132
16116088
19190262
28730835
23330247
32111749
23904791
18592139
26179755
30611277
24079075
31211640
19551681
15127203
22589549
30846559
32306916
27611446
18224336
26702934
25771307
24266296
30912358
27377502
16936983
12148114
16464953
29901078
28460049
31410749
15731364
23704474
29802679
23974428
29041886
28752710
23106207
31747376
14527316
14569094
25851734
21113646
18845486
28525688
26213322
27089817
26255758
22453232
24236066
19332045
19159557
19520786
27531575
30008033
27756900
15657605
31394500
25234296
25410079
27420379
16306442
19786482
26959841
18570267
25512004
20700531
20880493
11236720
26452142
29364366
28095483
23167714
17263760
20850514
19581418
20578896
29295095
30447363
29631902
12525297
21049241
19436992
11818483
21142225
26925748
12732873
30410168
11342572
27563694
19292048
21484579
15734868
30460386
17259376
33307502
33397553
17697858
14745372
20556352
31951337
25722213
23499280
17870134
14693412
21733300
24353183
20112183
24852509
25994075
23145054
14610263
30904630
28127622
22158827
24698405
21521299
32085655
22699564
29751963
31546558
26460159
31645456
19956093
30016149
32800772
27757593
24244580
16123371
12553537
22768844
19850681
15612452
27966329
20832942
31759996
24376757
12568821
22133196
26231457
17513703
27210268
29574432
11490031
27051022
31935437
22108602
16166217
17928989
24059319
20546291
19671194
21546103
16096283
29744368
15126519
30821074
26001806
26652255
17395743
29671030
18036196
25187240
12133483
23389458
24608443
19269196
32493344
19275669
26544518
18657591
25430706
12870167
18473758
23375298
15996876
17684409
29095793
30144686
22297070
15135805
15334371
17045527
24886535
30736780
23149823
23557801
27484164
27180329
25748601
15583126
12941577
18521456
22876572
20393151
27053133
32586979
31606821
20736472
17711925
26063197
25137300
23747931
18505543
28376494
21636809
31591054
27623390
26681041
30290061
23395853
32668325
29901584
23532299
29233017
25108206
22258190
11272184
31141985
17609286
16636128
22116960
18230613
12915683
17316429
21627615
23357976
18936159
21030790
21501146
19147600
32208453
18636668
30019207
16009332
24026869
31241994
15616040
19286757
29733818
17920636
11376339
16368710
12228011
24459688
27070495
28100871
11502807
25231192
18367022
25487307
17054449
26394663
29485012
19347338
16565569
24562335
19037660
15660199
30962220
12941780
27582133
18824257
32338487
26499758
28511322
21307079
25128846
12021107
15306155
18001305
27752141
19589518
27843076
18036312
15734840
16636125
15912330
25960133
27218229
15671250
33097254
22893401
20650312
22525692
23108747
16450289
15595688
23229155
29524400
32029221
11790888
22841349
31123324
19273745
19929986
15952088
16494846
30829208
27397605
31915077
30514997
27111465
16209639
33299313
29511049
31561694
18307454
24055898
28297724
26166263
27738328
17579832
21307077
12173683
26232087
21659782
30583798
18417224
20502052
29872933
17870053
17716227
15670764
15339127
16738017
11595174
22643933
23342076
23475366
27863428
20086057
22069276
31682591
24508288
26742564
26983625
11290776
12437993
24886621
25558596
30519245
12406034
16413497
19806338
31339395
30535721
12021137
29717156
29169872
30581869
27567620
17956579
11697231
15189494
11495036
29627823
30919338
25380623
28422052
20519861
24177018
18991018
27475306
20492456
27518498
30953496
26206285
18946481
28347786
18752002
27588741
16316841
24477469
12351428
11440371
23196485
31808541
25117344
28716011
22664227
29125983
23274405
30926842
22808485
22542021
15734869
29776318
18702948
29791073
16101446
21880229
30727751
27009398
16361876
30910956
31167208
27395420
19455305
29763705
11508277
20222813
23691725
29654511
24662515
32805914
29261844
18487476
23434274
15699520
12384452
18682491
15362499
24727161
25991015
12187010
24325596
23147557
33039625
14633614
16375017
25877810
17964829
28756312
32589614
29091343
22961079
31064116
17563066
17557928
15561970
27376621
26624007
18192539
18593823
21810592
15362513
23828045
23726275
25557604
24436191
11888529
27491024
17287465
31574854
23544998
17919176
24005637
21406182
29634420
23838169
19554009
29862627
26037202
16270194
29993985
29743341
21345103
23864491
24463424
24423644
25545857
29409336
25187369
18830248
30171690
15635489
29610268
21796806
26765526
17448564
18006554
30447278
15331540
28688216
15842522
19656026
22745325
21412220
33166762
28066106
31188032
24937531
24841879
19034303
28704648
30342817
23512951
27032673
15372359
17950070
21975281
31299021
21606072
27650853
15220210
19701549
28783164
28470097
32696859
25879401
19887639
24297848
28574454
27163310
31708097
23209190
23499527
26234084
12864802
24549414
30656863
23022217
29079528
15613333
29510678
32553458
16195369
12716746
11477480
19954774
24492799
19958762
15296475
27618414
16732983
12605834
28778586
16369193
29056124
17407388
22308870
25489228
11334504
25922310
27381700
20363923
26783537
24265214
27988406
28709971
31712397
20446597
22486180
30762474
23729468
32485672
19748811
14510906
20177654
25656762
27019630
27063563
30534571
29487347
11200871
25133193
25576844
30315371
29406598
30365523
26106223
26505452
24756973
16718632
18056379
23028342
17848837
18719883
16776571
18481947
20544884
27829545
23015358
16411374
27273366
22988423
15272244
23374726
12196477
20642857
30485937
16086274
21162119
21315740
29853773
22380495
31030170
24489861
15600186
26568297
30639375
17463248
25399255
19184112
27033231
25408296
21988350
16177820
28352089
26264461
12603208
18414206
29253812
12534319
29638159
28211211
22129064
23588219
28337879
26169365
18443203
24586593
29862581
17498101
22486879
28228267
23594830
12884646
16216674
17329840
23245808
22145491
26652274
16645209
15100410
29981420
31852915
19903740
15289647
31254519
27077117
28143555
23825123
19148546
18500571
19286758
17317760
28081697
20414703
16873682
30032404
12579511
26641552
25626737
28864291
24792749
31757015
18067759
12941788
22399236
27212152
16358956
19332049
17327440
28579033
33141056
22002216
21114848
29504185
21163329
28821222
12120915
19249234
32344535
17313427
29800917
16201273
21169132
27280334
20184785
23517481
21353221
11733107
27896985
30167938
23118743
15729581