33486469
33608566
33537821
32851697
32748331
33551236
33508306
33444631
33440170
33435393
33095866
33397942
33382706
33361522
33205807
33338031
33328473
33333224
33326753
33333222
33302545
33279499
33272199
33288951
33284064
33063089
33055295
33044243
33247151
33256016
33248199
33238950
33237796
33230300
33226983
32999023
33228099
33218025
33208748
33188205
33184287
33177712
33177239
33171058
33171401
33189452
33160992
33159086
33154349
33148187
33141822
33152453
32835373
32725157
32449747
33130549
33130077
33122440
33130330
33086688
33064751
33060583
33058582
33052061
32868289
32805014
33045613
33117379
33038372
33029768
33020665
33020597
33009421
33148381
33084902
33059806
33004937
33004471
32773577
32687192
32666886
32634130
32603424
33008076
32996781
32986505
32993053
32992926
31585002
32977388
32966280
32961119
32956661
32957381
32948751
32946450
33254579
32949497
33339583
32930093
32917811
32895383
32892687
32619221
32861332
32790176
32609829
32584793
32544878
32544095
32249284
32912711
33053534
32860078
32860899
32843569
32828189
32826294
33456761
32890967
32818503
32816961
32808185
32824240
32801140
32798559
32787522
32796699
32778679
32784379
32768580
32764395
32753620
32756921
32747830
32782137
32760002
32745723
32741287
32740853
32473019
32737300
32735213
32732288
32730204
32728045
32715764
32722593
32721474
32721427
32703184
32696761
32694640
32917504
32678535
32678846
32680738
32665606
32665318
32656703
32648604
32645011
32350924
32641421
32641353
32632005
32620929
32484913
32622012
33072207
31665258
32600448
32596778
32603821
32510127
32579601
32585844
32563261
32575625
32565117
32562692
32384137
32560282
32554214
32541925
32535242
32522049
32518417
32518264
32513030
32510973
32510328
32501591
32500479
32493715
32497630
32483258
32463882
32385877
32365055
32307653
31675055
32646642
32485894
32474106
32467224
32468052
32457219
32454462
32453789
32453760
32451429
32461018
32447557
32444692
32444635
32444495
32445872
32436607
32452351
32443845
32437658
32424107
32421370
32410570
32413996
32404980
32397924
32428864
32408480
32398715
32397403
32385705
32382087
32379818
31647510
32366680
32366666
32366649
32363570
32363639
33076703
32440655
32358497
32337541
32250344
32205477
32154868
32079855
32068613
32027617
31942927
31919514
31748811
32360619
32355218
32353085
32350386
32348681
32341518
32341356
32341150
32293710
32328614
32344305
32340286
32377527
32331292
32302534
32326657
32296105
32295843
32293505
32239932
32295293
32219386
32298659
32284404
32233708
32289666
32277298
32290086
32294702
32283821
32273571
32388179
32337289
32278010
32272193
32253320
32221983
32106122
32245801
32247851
32238907
32198196
32040165
31900493
31858400
31988105
32308803
32236312
32229255
32221364
32219345
32217610
32216834
32217565
32214153
32213584
32213324
32128811
32200014
32193417
32188864
32184391
32312688
32208163
32178730
32168372
32162118
32159361
32169284
32276177
32151743
32150828
32139596
32130248
32138161
32127471
32215271
32135136
32122297
32744003
32724277
32221071
32208563
31974579
31879755
31652237
31977025
32184781
32131938
32101030
32109558
32105749
32105747
32092101
32200292
32084179
32088243
32080292
32169752
32085406
32127793
32063068
32075060
32060096
32078363
32053576
31995979
32059841
32051239
32057964
32057918
32057847
32049053
32047110
32057797
32076548
32041354
32041280
32024884
31845906
32007953
32205022
32062353
32026570
32024140
31826236
31799915
31770098
32000589
32006557
32001750
32004530
31995614
31995728
31988064
31988063
31980602
31978078
31822493
31982487
31982382
31974145
31974142
31961708
31969232
31957155
32065979
31963687
32010123
31953631
31953354
31953319
31825070
31941367
31941899
31939452
31935212
31932636
31935437
31935365
31998318
31895552
31919781
31919106
31936358
31915205
31713623
31904280
31911238
31896304
32033628
31897532
31896565
33463917
32661206
32468522
32468460
32445098
32285421
32248172
31965240
31962335
31962332
31892609
31886753
31825151
31701452
31580250
31539871
31504761
31504696
31502171
31305320
31146667
31057121
31906104
31892537
31891538
31889156
31882749
31882596
31881887
31874630
31873873
31877696
31866372
31866147
31861649
30896018
31851713
31849324
31848914
31907998
31843983
31838908
31691802
31630189
31847113
31838050
31829936
31829509
30976762
31820107
31886250
31813922
32228920
31817583
31808563
31808010
31801598
31791330
31955715
31894119
31833458
31792448
31771407
31769250
31765333
31407623
31278656
30778553
31795496
31783860
31870594
31786195
31776723
31776371
31779116
31773302
31767861
31848053
31767252
31766642
31757795
31918914
31766503
31760103
31759989
31754894
31754873
31754094
31752873
31749049
31744490
31740673
31918924
31732500
31729436
31724772
31723029
31719535
31828140
31713011
31753553
31715176
31707051
31704668
31815137
31708097
31781097
31623012
31753287
31642657
31570528
31686257
31538203
31796261
31758354
31676778
31659112
31610853
31610851
31590142
31454789
31247586
31034018
30586008
31683538
31679650
31678165
31670977
31665609
31663251
31503404
31664108
31661941
31659016
31669219
31653825
31647995
31636271
31636172
31636010
31631098
31625803
31624276
31624249
31624142
31622334
31619588
31628935
31619811
31577904
31615571
31615521
31612411
31614723
31677819
31604989
31600232
31597448
31600880
31596606
31591220
31586136
31586053
31578516
31876515
31721508
31631034
31629480
31623515
31612382
31581474
31581435
31571208
31426028
31237611
31162549
31149912
31132118
31125083
31375587
31562809
31563468
31555879
31554794
31520487
31512871
31141493
31548609
31545928
31444215
31550547
31541095
31508952
31546972
31537791
31534017
31483660
31539631
31529337
31527248
31527237
31518163
31547319
31432628
31514368
31511561
31509007
31504067
31429114
31499052
31490550
31494106
31488830
31493868
31484569
31483703
31479473
31456396
31478326
31599133
31544495
31481537
31443842
31312839
31271198
31561072
31480304
31471317
31470851
31493741
31474368
31473226
31465425
31473185
31378956
31451874
31451871
31451870
31385413
31465887
31452253
31452245
31422663
31243084
31534972
31450545
31448738
31361376
31460623
31447353
31435002
31485667
31430320
31430946
31427606
31427439
31423716
31430542
31447281
31421133
31415755
31414210
31412214
31411076
31410748
31409848
31408957
31404087
31403933
31401790
31343792
31404588
31393790
31398531
31388051
31381180
31293080
31390528
31387746
31382550
31378770
31373168
31453770
31372667
31371780
31371698
31371577
31363752
31331989
31250553
31145129
31096186
30980227
31594761
31432117
31367971
31409528
31363036
31363032
31362984
31356112
31358780
31358047
31260143
31357654
31350400
31353085
31351784
31345923
31345231
31524257
31337416
31336052
31335975
31332008
31327054
31323792
31323740
31315173
31319055
31318577
31300002
31299062
31380425
31302220
31436539
31301307
31293002
31292457
31289334
31285427
31282614
31591054
31284621
31273604
30919765
31326852
31270323
31268181
31162828
31095110
31264358
31114883
31601346
31405709
31405668
31364128
31364104
31307180
31302723
31294628
31277135
31266155
31257988
31256920
31253805
31253082
31250467
31257149
31255603
31251997
31242183
31383275
31246177
31341914
31235802
31234787
31233785
31226014
31499737
31377179
31220088
31216985
31255972
31217192
31216276
31226352
31213546
31206978
31206606
31316720
31208077
31201437
31201281
31202817
31197173
31195986
31189471
31206021
31189975
31187897
31186351
31184304
31183508
31281226
31175686
31170001
31173751
31167894
31165323
31157564
31433737
31301652
31298399
31163124
31153375
31140365
31134288
30999281
30894700
30698716
30668751
30590628
30540657
31158376
31088900
31153886
31150623
31144992
31081578
31150799
31141524
31150809
31145933
31132961
31134588
31178390
31127058
31127057
31127054
31127053
31126299
30649532
31128218
31123221
31123067
31120873
30939192
31116089
31074472
31125554
30900957
31236417
31111170
31110013
31106482
31236191
31128439
31448104
31090954
30988072
31087391
31086129
31239159
31081202
31079266
31134092
31074012
31072324
30883703
31134053
31219752
31061470
31061088
31059131
31056713
31018241
31060005
31151640
31107439
30974509
31148465
31142858
31104498
31054623
31054482
31048434
30883434
30865276
30796361
30715203
30520966
30249601
31034781
31039436
31026411
31026179
31026089
31025414
31029626
31069174
31028727
31018138
31013265
31022565
31022553
31010838
30972974
31004310
31010169
31009641
31005591
31003407
31000719
31002820
30985253
30982163
31014927
30979931
30979779
30977635
30987931
30982733
30975975
30971122
30981507
30981462
30971479
30971430
30970214
30962219
30898010
31002328
30962068
30959835
30952835
30952805
30955890
30954537
31043336
30953748
30943893
30892801
30838734
31495393
31081103
30982860
30936244
30931926
30931596
30418614
30343390
27561663
30935670
30927260
30926973
30926824
30942443
30928400
30925760
30920391
30876376
30928401
30814439
30917487
30915619
30914477
30914061
30912978
30934565
30910956
30910863
30981189
30910694
30910557
30904610
30897348
30902596
30894604
30667137
30941132
30893596
30833365
30909159
30886231
30886104
30885194
30698808
30894315
30590387
30885746
30940487
30867287
30876973
30875678
30867003
30859351
30858376
30857327
30902502
30843871
30630880
30841579
30832495
30844581
30826991
30988245
30945694
30865571
30842678
30837372
30833333
30824724
30821173
30821074
30700132
30339233
30826251
30814508
30806784
30931082
30817903
30805658
30793219
30830871
30789757
30668550
30837196
30757925
30741587
30783109
30782949
30779601
31535080
30781644
30778226
30778047
30755075
30684292
30770398
30770376
30767782
30772439
30769902
30755400
30586741
30763763
30741981
30741926
30652421
30745182
30734130
30868054
30738174
30738172
30728372
30728281
30728219
30593735
30764497
30735834
30719867
30688043
30863203
30718424
30714632
30721768
30759489
30757990
30734207
30655379
30592226
30580688
30480580
30400034
30390028
29917119
30755385
30713110
30711642
30633652
30709738
30707979
30696861
30696834
30695077
30695023
30692241
30615204
30699366
30653446
30695734
30684443
30683883
30678426
30733721
30708140
30684496
30679475
30682331
30679186
30678090
30673802
30678306
30670697
30668922
30669684
30664766
30805369
30661031
30661786
30661991
30658440
30658393
30654331
30664629
30674874
30650367
30646859
30570184
30643267
30511960
30642005
30641913
30639184
30511388
30639359
30639287
30639055
30648609
30639340
30626610
30624175
30620753
30620636
30618122
30530865
30621095
30614312
30548838
30723749
30625359
30616916
30609032
30611860
30611788
30607487
30605457
32421966
31707396
31665716
31639799
31474712
31456522
31392649
31392648
31298162
31167208
31141089
31073110
31062326
31030641
30945231
30919338
30907312
30864326
30834778
30827999
30764708
30745848
30699032
30678628
30606928
30565958
30559373
30514191
30468673
30058496
29905828
30597558
30598166
30597186
30595373
30587115
30585632
30584709
30671483
30641454
30588210
30578273
30178496
30570672
30678946
30662576
30563557
30562061
30647817
30561403
30557606
30647531
30553948
30553442
30547231
30543678
30403220
30569156
30550822
30457165
29950404
30531847
30530672
30566060
30566058
30529276
30523250
30523244
30523025
30528273
30518872
30518533
30529270
32694809
30535492
30521939
30509980
30509175
30506923
30576094
30488586
30310152
29912386
30508554
30487390
30487265
30487263
30484883
30483756
30486436
30246318
30478640
30478443
30474315
30481528
30477160
30470739
30519246
30462533
30461371
30460386
30459231
30456659
30455376
30455328
30353958
30454959
30446643
30482476
30445791
30266729
30137437
30447278
30426492
30426168
30425286
30422992
30224519
30193557
30421101
30420730
30419808
30428337
30423446
30423430
30419301
30424007
30414976
30413829
30412732
30401769
30098276
30524654
30524650
30431065
30398029
30397262
30397120
30396212
30394366
30404040
30392041
30390616
30646354
30389953
30389791
30239795
30519591
30480744
30475961
30394782
30391206
30391024
30388276
30387133
30385824
30383280
30215699
30387422
30149742
30567478
30380775
30376373
30375383
30018169
29748186
30374109
30373434
30394295
30381241
30421699
30409764
30367098
30454649
30412804
30458925
30367995
30336709
30251541
30353256
30352948
30352877
30261555
30352176
30343445
30384259
30343302
30341568
30334229
30183052
30332646
30324334
30317449
30390819
30366260
30320344
30307950
30453444
30312637
30551936
30312583
30300385
30297393
30301129
30320339
30293769
30285510
30282751
30207601
30105917
30290234
30290222
30286957
30280270
30279491
30279180
30595365
30415557
30354298
30354296
30354202
30318704
30275285
30275018
30237160
30198133
30036193
30007277
30363990
30454882
30273577
30107065
30254276
30252535
30135087
30261196
30251125
30250231
30245508
30226369
30423518
30257192
30272307
30244828
30242599
30243991
30327780
30254012
30231542
30229293
30228205
30221321
30218046
30217894
30217817
30302345
30212581
30212457
30063815
30213104
30156416
30217452
30206123
30203836
30213728
30201684
30271789
30270018
30401534
30070142
30263007
30194557
30194315
30194258
30191963
30233141
30190322
30188767
30185635
30185226
30179226
30178543
30177836
30200077
30179676
30171690
30066055
30059978
30052841
29846728
29514186
30172747
30169531
30169131
30166314
30158707
30234027
30197309
30170066
30014466
30205319
30150205
30496037
30257311
30149573
30145563
30143652
30095229
30146314
30139743
30135311
30095245
30251683
30133304
30138689
30134544
30132538
30131394
30127089
30125566
30120363
30120297
30121202
30116002
30115681
29547902
30186877
30108373
30108282
30108180
30106181
30035378
29952767
30101547
30100563
30012476
30094467
30096758
30089778
30088260
30087110
30082485
30078220
30078216
30115487
30081191
30082246
30075745
30354344
30174228
30113549
30069048
29976766
29955826
29930005
29846622
29697773
30071277
30062549
30061575
30058773
30174193
30055620
30054673
30100246
30059664
30053852
29974585
30293595
30055307
30038429
30041843
30031708
30022432
30066828
30031147
30014852
30013108
30013031
30012629
29928873
29920932
30017919
30002389
29995270
29774557
29991705
29989851
29981796
29981420
29974127
29973202
30084829
30007472
30180961
28507196
30087217
30028249
30027901
29901727
29901700
29969725
29959312
29956461
30050951
29955047
29954738
29960068
29950523
29947280
29958997
29949907
29946903
29945885
29953961
29943459
29941454
29933462
29935336
29931415
29930177
29925637
29925367
29924845
29923224
29894289
29983170
29978895
29933145
29914375
29912962
29808585
29319171
29948634
29905772
29899271
29899081
29897325
29695419
29895617
29893194
29947924
29935921
29617895
29894845
29886452
30131118
29939171
29884908
29885931
29869885
29885360
29910119
29883760
29871923
29912186
29864591
30177026
29899045
29899044
29858661
29856480
29590381
29562348
29553998
29342229
29325066
29855804
29581247
29859856
29849051
29848609
29848325
29845333
29844451
29813102
29707905
29671893
29799486
29799470
29799294
29805094
29795275
29693310
29845210
29796774
29791472
29785580
29792847
29779171
29782863
29775428
29861145
29779698
29753610
29696756
29769602
29769309
29329369
29757216
29753320
29752423
29748289
29739864
29736038
29732466
29739703
29735309
29733984
29733969
29733818
29727907
29635476
29723426
29729383
29720110
29718992
29966853
29797095
29717197
29635305
29517584
28849410
29712976
29712969
29712868
29570219
29702036
29700071
29854435
29705125
29704611
29698475
29704509
29696366
29695773
29691580
29373315
29698650
29692406
29691896
29689276
29731256
29685454
29679103
29674596
29637536
29579359
29671912
29694940
29703528
29673860
29662164
29662128
29659628
29669261
29473266
29444946
29657031
29650030
29653100
29632189
29751292
29635039
29914667
29630878
29627504
29626090
29625018
29575333
29622564
29621269
29621182
29618802
29618612
29617380
29662311
29621497
29615758
29615472
30008984
29507103
29381659
29356688
29329392
29325023
29603098
29596825
29599140
29596446
29596439
29620215
29590102
29596868
29588451
29588419
29588416
29583017
29470850
29587369
29573218
29577871
29566433
29669306
29589561
29572193
29559443
29560826
29587244
29549418
29385532
29551631
29548671
29539432
29536114
29533741
29532746
29545123
29530977
29529994
29529026
29631984
29523632
29520103
29891039
29519943
29519872
29519182
29516223
29460289
29514098
29511917
29425446
29519758
29424957
29498708
29496879
29521003
29480046
29400991
29315013
29283909
29106690
29077507
29491471
29488390
29496260
29491224
29486734
29430817
29483192
29480818
29477089
29470815
29751399
29475075
29467286
29467172
29467136
29466054
29471055
29466592
29465313
29465311
29463764
29460292
29459268
29268008
28817788
29459731
29463026
29462611
29458148
29349888
29475133
29456073
29455858
29453983
29449530
29446092
29444168
29452267
29452132
29436859
29440398
29440273
29434314
29203642
29427967
29439084
29439026
29423653
29422652
29415896
29496428
29404958
29400412
29428128
29414690
29406269
29396861
29410349
29410317
29391602
29242386
29422288
29412828
29401634
29397070
29391057
29361356
29309627
29216352
29186342
29165552
27925431
29385209
29378301
29378187
29371109
29382345
29380400
29378352
29374794
29416570
29372463
29367680
29364977
29367474
29362914
29358398
29351335
29348618
29348454
29348202
29348140
29343764
29343517
29343229
29339549
29339473
29337308
29334369
29332916
29150938
29329489
29327078
29326161
29321370
29374905
29322219
29351477
29316320
29313530
29328373
29306964
29673546
29045725
28974563
29305919
29298842
29295939
29293525
29118118
29111615
31132756
30659533
30517918
30485837
30453301
30448791
30423571
30355941
30332944
30307448
30307446
30259376
30259367
30257240
30205794
30149452
30149448
30051411
30041171
30029723
30016783
30014749
29991031
29987716
29940597
29940585
29938610
29929422
29852488
29793420
29745332
29744852
29669327
29642064
29600765
29594773
29466788
29464565
29444504
29428931
29402850
29386434
29344292
29309515
29291763
29218913
29189166
29165098
29161661
29136166
29076094
28359235
28201967
28081697
29291990
29291386
29105287
29284659
29282295
29282201
29280403
29287921
29273807
29269420
29269414
29266779
29373862
29286097
29273565
29269058
29255148
29254942
28885689
29258915
29246973
29154962
29248720
29239272
29149532
29241556
29233935
29233102
29229897
29036789
29241659
29233968
29227474
29237571
29248761
28985281
29338921
29220676
29218453
29217655
29212952
29223569
29223351
29212023
29208737
29204942
29203863
28961811
29203232
29197615
29191753
29288268
29203701
29194408
29185103
28985395
28950710
29187515
29207157
29186696
29182660
29180724
29180664
29178545
29176620
29183809
29331323
29174716
29167213
29170059
29162908
29162604
29158543
29160051
29158418
29151031
29146905
29169079
29155226
29147756
29143895
29141582
29138452
29020281
28956771
29195809
29133527
29133483
29133398
29104097
29124350
29117962
29067740
29044636
29113996
29113994
29112142
29146412
29106388
29044687
29107938
29101357
29101319
29101261
29101219
29098321
29097792
29097610
29097515
29095915
29749858
29451661
29170800
29110758
29091029
29107069
29087351
29084944
29083408
29053249
28960529
29129613
29080975
29106959
29079828
29079728
29075003
29071735
29070574
29066462
29074437
29062102
29061729
29061134
29058688
29066284
29048714
29047204
29046480
29046975
29042531
29042441
29041949
28941249
29027968
28977635
29031534
29025879
29022388
29020051
29412996
29053700
28988346
28986399
28921583
28970584
29074736
29040017
28994638
28973479
28971611
28957535
28830935
28741070
27738994
29892901
28990106
28973457
28971844
28971842
28962546
29157807
29032941
29107298
28973896
28957663
28955032
28953253
28951593
28951283
28943335
28939642
28939592
28833550
28941965
28934190
28934129
28939058
28931532
28930657
28927406
28944891
28927989
28923959
28926971
28916805
28914344
28912572
28919064
28904253
28905321
28904020
28904019
28902459
28901392
28899343
28898252
28870638
28840938
28894007
28893949
28817206
28934649
28899684
28899666
28936425
28887632
28890350
28884432
28883393
29031748
28877912
28877242
28876085
28875433
28872890
28871126
28870212
28869590
28792638
29046236
28911212
28892456
28880479
28864889
28766492
30466971
28860538
28860127
28859934
28859855
28856473
28854843
28853973
28852127
28852042
28810126
28766937
28846098
28847510
28842730
28825103
28799326
28656666
28842503
28837703
28842217
28838764
28835639
28830235
28605458
28520978
28803780
28707298
28822685
28815391
28813681
28811499
28811369
28811318
28811300
28806535
28708305
28811203
28798345
28797240
28794505
28795329
28793853
28790356
28784775
28784759
28602121
28779132
28771231
28769070
28780001
28778718
28768657
28768654
28766406
28597972
29258680
29073942
28980863
28830580
28778586
28764798
28636761
28586439
28582497
28482072
28453780
29031721
28761062
28753257
28757145
28750074
28744888
28744814
28751004
28740178
28738846
28687713
29306440
28839467
28735290
28732187
28803863
28736244
28729244
28725008
28724646
28724635
28689409
28841989
28732797
28721485
28720757
28720576
28599310
28716816
28716011
28715450
28714474
28713911
28710283
28665109
28712960
28712835
28497570
28704931
28701693
28701334
28700623
28632336
28698188
28341808
28689311
28686668
28686329
28685773
28685401
28683297
28679551
28684291
28673385
28542953
28674171
28672082
28703031
28676341
28593301
28586827
28500476
28430907
28334792
27651477
28667430
28667123
28665353
29031715
28666119
28656645
28617592
28760651
28650456
28614667
28133767
28735646
28648615
28646072
28645244
28644880
28643424
28642238
28636232
28636938
28634817
28627654
28625227
28602111
28623929
28625914
28666602
28625832
28625550
28617824
28617417
28379579
28615712
28614912
28614350
28614708
26192884
28607106
28606928
28604389
28615149
28464351
28602625
28597135
28594855
28592605
28592272
28591216
28591636
28588281
28419469
28574454
28467723
28639886
28633686
28591028
28533294
28451949
28369190
28333262
28324062
28277342
28035522
27941579
28951829
28569217
28566287
28566656
28558807
28555877
28555039
28558300
28550522
28550165
28550045
28550015
28547133
28545455
28540928
28505444
28551028
28542390
28539377
28537252
28511322
28545716
28538172
28536301
28546110
28533544
28530702
28526921
28702326
28534825
28528225
28525987
28515464
28515314
28515064
28508865
28505121
28502980
28501806
28493897
28651396
28601253
28488691
28536673
28487510
28487280
28495567
28481220
28476931
28469108
28469100
28334928
28479387
28478303
28472101
28549569
28530168
28461337
28459365
28444216
28401680
28335035
28324016
28324008
28169935
28130419
28450454
28449647
28448500
28399705
28181241
28455107
28446206
28443625
28439093
28346775
28436984
28436964
28499186
28432632
28438659
28429785
28429532
28434937
28427390
28426722
28428286
28422118
28422000
28420715
28417558
28414311
28355486
28334950
28437656
28410371
28407784
28406950
28412046
28404596
28400537
28399866
28399252
28398239
28477532
28455106
28396589
28457653
28393534
28396116
28389566
28389496
28405613
28385802
28396702
28381288
28378743
28380373
28375174
28370435
28742501
28731995
28428261
28420495
28390576
28347404
28304149
28233089
28099209
25747868
28363905
28417877
28371326
28352118
28355567
28351837
28206976
28351645
28348273
28128446
28580283
28343149
28341844
28336556
28332577
28342889
28330902
28339073
28325727
28317937
28317311
28322781
28331572
28314760
28303903
28303891
28211040
28318634
27983772
28315327
28292977
28292965
28288977
28286910
28286065
28283573
28281382
28343791
28281242
28280903
28272510
28283331
28273474
28270523
28270438
28301736
28258220
28263871
28263721
28254760
28067456
28345493
28266114
28253088
28198160
27768585
28264477
28257878
27899590
28324763
28242376
28240269
28177139
28242381
28234964
28277931
28260863
28105751
28366671
28223045
28268030
28218639
28216432
28214558
28213110
28209604
28205535
27956703
28196897
28193997
28192884
28196600
28183700
28179656
28156097
28052012
28165393
28159781
28154098
28152013
28151474
28625319
28456143
28148500
28146470
28145471
28049237
27738884
28159579
28052027
27324558
28139295
28215516
28116460
28115328
28112573
27883367
28115215
28115289
28115068
28108595
28111134
28102546
28055183
27960536
27872148
27923278
28096355
28096339
28096201
28096099
28029651
28104409
28104368
28104298
28069754
28087565
28085666
28081217
28079129
28085064
28077174
28077136
27918077
28069811
28111237
28061846
28069524
28060893
28059156
28101572
28057765
28045026
27901482
27863429
29441149
29435463
29414966
29412786
29391924
29156452
29149404
29118461
29082264
29058221
29038616
28978894
28968233
28934926
28904951
28883903
28848146
28848093
28845307
28840129
28723696
28699503
28685672
28655969
28607629
28582864
28527212
28482349
28440767
28428959
28393700
28386567
28365689
28359065
28315864
28269785
28266270
28253502
28245897
28214857
28197920
28183093
28124586
28122089
28120734
28029082
27896979
27306297
26926467
26593983
28065481
28359369
28065479
28031464
27862917
28029143
28086184
28025459
28013341
28013303
28025059
28011992
28007035
27967251
28033563
28004151
28002466
27997176
28024882
27992415
27991686
27993601
27983710
27977785
27986562
27984826
27958332
27957850
27941970
27941951
27942860
28040466
27939555
27930695
27929198
27929048
27939575
27924846
27770026
27960291
27929407
27922611
27821807
27917946
27910864
27907186
27861181
27922820
27903748
27900395
27899403
27956794
27895108
27892502
27886258
27886175
27884012
27883041
27881709
27879023
27918975
27872106
27872097
27871307
27625010
27863249
27855634
27853810
27865874
27846372
27846294
27846260
27779417
27875310
27875244
27841877
27841871
27870152
27840317
27840306
27837193
27835645
27840181
27832201
27875726
27836572
27834824
27834808
27811985
27816442
27813193
27812542
27812538
27724114
27676653
27664040
27810172
27989964
27838257
28081775
27796442
27792451
27711975
27984191
27784733
27728768
27792933
27783955
25831145
27777317
27775551
27780754
27823886
27777973
27798138
27759477
27769711
27753140
27752041
27636996
27791180
27791178
27760051
27749912
27742674
27794214
27733177
27741447
27733378
27729462
27724862
27557470
27723773
27723761
27729225
27846494
27758770
27714446
27706259
27705028
27710840
27650164
27562375
27699474
28262190
28256459
27780657
27746285
27702607
27702549
27660121
27634842
27620495
27586139
27555614
27697591
27693254
27693419
27097985
27670767
27566578
27669651
27557478
27506413
27663213
27650503
27649563
27562840
27642851
27693979
27644882
27633502
27467133
27629499
27677687
27638684
27623947
27517746
27634219
27634173
27618448
27618447
27617438
27615679
27615599
27493124
27613156
27611995
27570878
27631677
27609221
27618008
27605603
27600277
27600268
27600066
27599777
27598908
27589064
27997977
27768243
27650251
27588451
27588447
27586651
27397571
27591083
27581360
27581055
27578615
27625997
27578867
27576532
27575855
27575051
27460695
27573850
27573238
27571483
27567922
28063875
27569426
27564309
27561725
27561317
27554864
27554467
27554286
27543085
27542772
27546731
27539983
27539300
27535281
27535125
27534840
27527847
27579997
27524199
27514745
27427333
27510910
27507854
27503178
27383530
27459240
27498687
27503844
27496100
27494404
27493135
28057308
27498116
27497988
27496730
27496343
27486162
27484798
27480816
27480250
30601640
27479128
27381806
27367935
27203226
27172274
27481061
27474077
27470124
27470515
27467289
27466884
27621191
27552668
27466193
27465381
27465380
27462832
27121852
27553771
27470567
27459460
27459454
27459442
27459230
27317164
27458207
27376509
27455858
27448167
27441836
27439680
27440084
27439711
27437918
27435678
27434045
27327839
27303926
27279347
27431369
27425255
27421728
27416945
27414406
26930153
27413184
27412012
27349923
27293068
27417252
27030242
27402838
27389030
27386920
27386793
27185397
27392855
27379522
27369317
27424984
27411435
27401871
27307159
27155970
27155610
27155607
27120802
27357797
27356620
27373682
27358404
27357278
27349479
27352622
27348411
27420381
27353377
27349858
27344310
27338626
27346350
27346274
27345421
27339447
27329260
27323669
27324226
27322064
27320924
27317945
27312221
27310578
27310030
27305986
27307607
27307439
27297236
27312736
27324702
27288449
27288013
27292642
27284111
27283745
27281308
27272717
27270475
27281273
27271094
27208701
27270454
27233831
27302272
27258818
27257970
27129297
29888883
27748299
27748297
27432070
27376795
27252175
27245663
26816081
26802434
27245356
27037841
27059147
27239029
27230129
27220277
27234048
27231920
27230957
27105518
27217481
27209463
27199450
27194720
27192564
27190136
27187080
26984580
27192428
28531393
27506734
27373617
27226618
27199132
27174469
27043041
27173510
27225129
27226591
27171109
27162351
27159390
27470345
27151572
27146814
27156239
27146985
27146691
27146014
27145174
27207557
27199118
27163819
26994292
27139492
27135629
26976645
27303105
27178673
27172571
27135623
27131835
26983625
26913994
27128313
26962226
27133914
27122250
27189972
27120469
27119337
27207521
27207519
27117253
27117007
27212621
27156151
27107575
27212619
27103599
27103211
27006200
27190272
27097105
27028131
27099397
27095850
27090428
27018984
27087514
27083996
27082896
27082444
27002914
27206882
27146363
27094494
27079512
27077659
27075119
26950281
27074706
27207533
27208321
27153610
27062898
27058248
27061195
27053236
27053234
27048415
27045846
27044804
27044747
30586235
27087210
27038387
27037370
26922942
26910750
26784938
26758067
27050513
27038904
26970088
27083284
27020257
27033600
27020427
27019061
27022137
27210509
27020744
27013613
27025415
26888163
27006400
27001354
27000098
27009546
27005745
26994512
26991115
26990999
26989082
26988587
26984885
26984496
26982636
26980664
26986014
26976474
26973383
26972725
27037039
26969716
26964836
26964832
26972502
26994357
26961113
26953163
26950299
26947903
26999760
26944272
26939788
26948330
26947455
26947072
26940095
26936329
26936139
27156764
27033451
27008632
26998719
26983022
26934194
26927448
26857229
26704351
27063082
26927084
26924670
26921871
26921437
26918894
26913634
26911440
26910886
26910538
26908368
26902266
26855179
26814432
26901422
26898755
26908163
26902399
26895962
26892736
26906633
26891264
26890141
26888576
26896766
26886906
26884474
26879989
26879865
27153685
26934915
26874853
26873362
26871578
26887006
26868295
26865097
26864934
26865658
26865646
26865644
27008888
26872620
26861925
26859354
26858253
26855178
26851950
26729423
26850065
26849207
26666384
26847871
26841718
26843371
26843076
27181374
26906532
26862216
26845344
26833210
26830357
26806835
26806830
26798148
26574647
26482052
26293616
26091722
26824674
26908626
26819514
26349542
26819270
26822487
26851522
26707063
26786353
26784895
26782158
26612766
26777153
26771085
26830856
26756164
26746178
26818725
26752743
26752713
27181765
26776303
26745667
26975546
26744420
26743168
26741692
26739996
26739611
26797220
26740596
26732377
26662859
26766792
26742035
26732976
26728312
26727462
28214879
27995148
27926431
27896278
27812974
27795959
27698546
27633038
27610390
27584963
27525273
27446956
27412301
27298712
27291248
27287034
27280801
27274779
27271899
27260224
27229720
27150089
27125737
27088787
27034931
27032951
27030348
26927212
26916158
26904692
26891998
26884712
26881045
26824439
26791360
26780771
26745028
26739969
26722031
26696655
26659804
26575393
26489735
26414003
26413992
26179755
26072975
26748374
26716870
26716812
26839892
26782498
26732858
26710338
26660119
26723127
26697762
26699896
26699871
26699651
26691724
26689922
26798651
26687160
26683835
26706782
26679867
26676845
26674602
26673411
26541474
26668395
26668322
26667041
26572781
26657343
26660634
26650568
26648523
26677772
26646100
26671668
26658025
26637278
26636335
26671228
26657326
26633628
26631737
26629775
26629773
26624898
26607804
26577156
26538252
26526553
26655523
26616563
26480949
26643664
26632509
26610379
26626461
26612838
26606254
26602147
26619914
26610550
26604215
26598711
26682227
26588584
26587646
26586658
26581960
26581806
26581908
26593940
26578602
26578543
26384299
26574044
26567983
26415004
26567478
26844281
26576086
26563823
26564177
26563389
26560812
26613889
26559814
26556890
26555476
26665154
26553876
26549110
26554915
26546829
26539891
26534922
26529237
26447615
26527736
26525718
26523527
26999858
26823871
26658584
26477595
26465950
26583846
26575849
26522144
26433129
26526849
26522471
26515422
26513234
26455358
26520003
26605646
26504089
26503654
26503029
26501420
26696517
26496121
26495868
26495765
26494622
26477242
26497928
26477841
26487785
26482465
26601880
26471843
26497775
26466345
26465605
26458258
26418914
26458049
26505665
26498675
26453611
26452142
26450152
26446704
26451047
26450995
26447600
26446877
26447157
26439743
26337083
26438826
26438525
26433941
26431507
27111121
26859923
26837367
26517923
26486483
26443638
26428498
26427508
26426971
26383681
26313901
26312598
26252399
26192703
26181639
25927872
26459836
26419589
26418064
26416799
26424181
26417114
26415649
26414963
26414677
26414233
26413797
26411870
26410780
26403950
26459099
26392316
26405221
26401004
26400967
26393296
26402696
26392472
26390057
26388309
26387534
26425087
26381822
26381349
26380915
26378151
26374450
26293414
26374913
26370322
26381573
27042268
26475177
26409000
26362023
26354923
26354543
26358169
26344020
26340930
26340929
26335709
26335179
26329592
26329304
26439030
26415028
26348713
26334461
26332972
26332962
26179897
26067383
25443179
26324934
26324180
26331998
26323666
26302420
26297224
26296084
26299453
26293507
26291515
26287404
26286869
26284649
26284522
26283546
26278006
26276391
26277621
26268733
26269505
26263558
26258845
26258413
26260846
26253612
26252355
26252209
26251103
26057471
26246457
26244977
26244880
26244930
26239645
26345813
26278350
26434126
26382453
26318958
26265416
26231751
26209732
26103132
26087428
26227879
26227493
26234524
26222308
26102289
26216992
26214255
26211738
26204962
26209433
26202695
26209361
26208450
26198634
26193086
26192107
26187466
26213352
26210798
26240488
26232882
26188364
26303081
26176567
26173052
26170196
26169577
26169365
26031419
26011111
26246082
26184547
26168013
27408648
26166430
26156684
26157145
26156736
26234566
26181369
26162960
26149682
26147758
26147751
26147347
26147081
26141257
26184557
26140448
26031759
26351529
26134142
26131930
26049632
25694332
26203049
26130762
26113728
26112018
26111058
26110898
26109417
26109067
26103456
26100788
26099468
26046470
26100621
26102010
25915158
26091000
26086077
26091559
26084345
26079503
26083111
26075596
26009615
26070305
26032913
25922055
26073777
26068452
26056025
26055326
26048237
25904189
26048986
26047322
26044585
26010498
26041774
26041113
26039047
26038579
26037922
26185088
26184859
26116273
26106136
26034040
26032409
26030739
26029993
25941919
25872119
25869420
25706296
25639671
26037596
26094130
26025281
26023106
26020539
25959978
26026281
26021712
26018251
26015455
26010611
25961473
25762182
26006791
26002590
26210619
26015772
26001398
26001219
25998551
25997164
25994086
25920546
26015769
26001362
25990308
26002250
25979074
25758251
25982816
25980762
25974167
25971966
25970163
26021979
25979858
25969539
25966254
25964492
25964488
25960144
25960133
25957148
25957097
25955312
25952030
25952256
25948511
25946091
25956617
25955207
25954878
25953725
25942478
25952187
25938715
25944472
26191142
26069366
26046242
26043042
26036514
25984620
25940230
25521430
26002199
25927430
25927242
25980926
25926504
25924103
25923013
25921941
25783006
25972055
25918880
25912675
25758368
25948477
25918230
25941991
25908728
25903685
25902778
25907404
25907167
25906147
25905778
25904645
25898210
25896609
25893418
25892563
25879401
25878199
25868665
25875902
25819139
25712914
25966083
25861800
25921203
25855776
25855771
25855193
25853426
26011905
25851905
25842388
25835506
26087624
26050256
25845910
25834231
25830914
25830763
25797214
25692341
25676548
25635586
25427889
25395195
25253098
25187219
25839935
25825816
25825462
25822914
25887856
25817898
25818644
25816988
25805821
25862998
25831499
25799405
25800587
25793768
25793496
25792744
25888350
25794976
25788524
25786776
25829545
25871009
25864160
25777526
25795558
25779963
25779609
25775977
25773007
25769918
25774605
25770686
25770474
25765019
25762779
25761503
25760438
25754093
25766503
25751624
25663356
25802486
25746679
25845297
25752479
25743914
25602077
25740981
25740897
25739441
25736406
25744725
25564999
25733664
26268872
25962204
25954599
25917520
25828521
25713200
25703556
25631286
25422863
25326336
24898554
25726699
25722444
25894102
25725922
25722304
25720386
25726384
25714914
25713082
25710176
25720614
25742043
25710801
25707853
25702768
25701286
25701602
25715336
25692475
25700985
25692600
25687237
25646717
25378054
25682935
25680620
25679392
25677519
25625646
25677181
25672924
25670031
25675515
25660120
25659350
25641314
25652452
25557828
25651185
25644056
25725611
25700330
25546024
25672217
25645875
25636209
25640317
25634562
25634001
25631608
25655224
25628235
25627686
25580677
25623042
25616963
27128216
25651499
25624707
25617670
25617592
25600901
25562443
25605807
25604687
25603418
25600808
25594612
25531836
25666344
25618031
25655048
25595409
25582438
25581281
25582039
25576056
25576051
25579746
25576993
25573878
25733456
25564607
25596881
25561730
26549228
25554923
26839444
26836268
26770981
26710520
26663185
26663182
26574146
26539552
26491214
26465142
26448950
26428079
26427681
26427145
26411410
26383775
26339594
26325091
26306451
26279418
26273662
26221588
26186233
26180580
26180540
26178476
26171400
26170532
26110609
26088392
26087900
26045269
26044550
26011824
25956296
25954750
25946624
25946468
25912321
25883955
25883954
25879409
25877092
25834832
25833953
25812851
25747975
25710042
25662584
25654620
25652373
25629224
25625584
25618333
25555908
25540138
25536917
25523001
25496377
25470016
25468189
25428932
25415049
25343273
25312735
25096625
25552596
25551366
25543539
25548280
25548157
25539829
25541407
25538247
25533387
25541468
25531567
25527335
25526531
25521368
25646328
25526565
25519735
25315903
25516495
25516658
25512301
25505293
25504030
25505247
25505017
25495026
25505281
25491720
25492871
25498962
25489007
25488990
25480843
25475361
25471481
25482509
25482340
25477432
25475434
25474640
25480393
25842755
25758573
25546370
25526485
25451942
25255394
25093619
25444937
25430706
25430018
25527757
25516717
25435094
25424603
25424601
25425574
25419710
25418289
25463305
25421534
25416725
25412338
25411240
25409701
25405894
25405610
25403145
25409149
25404734
25401697
25460206
25399255
25499101
25394307
25393778
25391656
25392416
25385661
25385647
25381886
25379761
25378251
25375650
25445038
25377878
25457435
25371518
25369206
25368024
26357040
25529897
25398743
25397793
25365937
25360025
25348414
25329633
25098752
24816853
25283363
25302671
25352436
25348609
25349198
25344824
25342476
25457211
25336749
25333649
25333294
25289693
25457210
25332431
25327140
25200793
25460303
25441839
25326491
25330185
25329996
25329162
25329145
25316432
25316675
25315772
25315771
25314649
25314581
25313861
25313508
25175814
25305319
25305014
25302688
25301392
25301875
25299576
25298536
25304376
25274101
25273344
25573129
25282519
25271088
25270965
25090243
25036592
24752371
24352680
25281353
25274773
25270067
25270054
25268761
25268627
25268360
25453873
25278690
25263014
25260780
25299085
25258038
25262344
25253241
25252781
25249581
25245408
25283329
25246382
25236355
25227914
25224485
25229978
25222615
25726203
25213455
25218889
25211071
25205222
25203514
25201002
25201895
25195573
25249787
25245452
25199764
25199697
25192195
25191754
25188449
25187623
25187371
25437290
25184284
25180703
25469394
25238846
25236450
25193703
25184912
25169568
25098902
25030232
24992568
24986093
24925705
24395629
25179174
25241332
25171251
25224501
25157753
25157091
25159268
25170305
25147055
25148511
25146448
25146704
25142031
25044676
25418215
25139988
25136835
25133424
25195602
25172372
25118634
25125486
25122010
25111779
25108228
25105541
25105294
25126960
25104851
25108206
25125974
25107467
25093405
24917169
25088202
25088201
25088698
25084356
25084196
24845558
24796801
25082828
25079600
25079118
25078151
25080522
25073445
25125338
25074928
25070833
25071319
25071135
25063542
25062844
25060738
24936061
25066929
25058155
25057884
25057820
25056273
25231870
25079328
25061072
25044020
25046864
25134454
25043814
25036638
25036632
25028204
25028523
25044717
25024596
25024404
25019512
25017966
25009184
25008580
25008184
25008182
25033471
25014566
25006255
25003364
25011057
25003952
25008133
24996062
24995979
25562888
25249526
25022987
24944036
24848531
24993155
24979464
25004973
24997597
24984291
24982031
24980513
24969774
24969109
24975837
24966171
24961829
24957168
24970747
24956377
24966583
24949970
24947514
24947364
24947357
24947355
24945803
24944010
24943845
24809736
24939870
24938126
24934154
24937189
24929251
24934596
24925443
24931676
24925724
24925721
24920680
24919398
24918535
24913450
24828694
24907306
24906147
24903391
24898859
24897113
24896293
24893864
24890885
24933231
24886904
24892707
24880474
24732405
24722170
24665943
24931005
24886809
24879834
24877601
24984825
24880026
24874946
24871974
24865376
24867955
24862488
24860101
24931275
24858581
24858371
24855642
24852294
24845391
24845081
24844227
24838153
24837587
24837675
24836559
24832097
24720358
24821910
24817122
24814290
24812277
24804791
24884516
24804806
24368493
24801060
24859014
24799716
24799423
24791963
24834994
24890877
24829485
24823981
24815150
24789282
24786789
24784581
24763536
24723472
24568320
24450300
24785298
24780051
24842242
24777476
24854954
24769528
24760864
24759991
24756973
24756098
24768178
24840642
26183747
24740684
24782217
24747132
24740400
24742873
24736664
24733887
24733074
24731014
24736166
24727128
24787504
24728038
24727435
24726385
24722499
24719363
24719298
24716791
25333979
24843047
24717679
24705606
24699828
24699063
24708835
24699825
24694712
24694308
24969334
24703313
24690159
24532160
24526624
24526623
24684304
24686848
24681783
24677713
24674717
24673412
24681256
24670935
24667787
24663808
24596138
24663336
24037988
24659022
24658007
24657884
24655058
24651836
24650916
24650325
24647738
24645981
24643471
24641809
24633677
24628418
24627166
24626840
24625528
24630777
24627478
24627476
24594637
24646999
24623143
24622111
24674912
24614930
24521217
24408902
24608444
24608114
24478381
24603501
24599476
24598200
25928990
25372737
25272642
24675006
24659626
24589766
24589379
24568292
24510608
24587336
24584551
24572742
24605831
24578161
24685108
24611992
24586906
24582179
24570070
24567447
24567408
24565863
24569142
24566088
24559495
24561261
24586696
24552590
24549415
24549139
24382261
24550004
24548145
24531551
24530489
24550721
24526667
24526287
24523346
24530320
24525193
24520337
24516131
24512489
24509296
24516558
24502381
24629562
24508273
24500614
24499025
24497609
24492375
24492284
24487982
24554506
24439821
24320962
24320960
24320953
24254031
24027001
23899896
24491417
24486964
24486950
24486512
24484909
24483153
24479490
24482374
24482226
24486505
24478258
24471563
24470002
24464130
24463962
24463781
24462878
24458359
24452548
24465923
24448003
24582139
24449395
24447396
24446657
24466133
24444005
24440909
24430172
24440313
24404592
24414038
23796477
24520172
24454742
24419319
24413736
24494192
25224167
24412897
24411485
24402875
24403551
24401815
24398052
24393375
24404137
24385540
25969153
25916125
25658244
25629058
25597359
25483040
25462067
25437377
25412654
25386620
25373385
25345512
25345507
25300263
25245380
25227108
25226804
25226798
25190572
25183525
25145340
25136636
25131596
25126572
25093191
25011649
25001234
24991574
24988610
24971350
24953401
24829923
24756701
24720336
24707501
24564336
24560669
24558078
24447135
24425725
24388019
24384568
24359475
24297547
24275769
24129103
24081379
24059587
23964742
23848310
24381224
24381137
24379351
24375641
24386416
24370930
24368669
24366639
24376792
24376728
24362705
24401931
24362726
24362107
24356748
24367622
24367577
24344781
24378574
24347527
24345215
24347633
24388834
24342488
24342618
24335064
24333941
24237244
25460725
24337580
24335056
24333164
24322204
24337258
24582102
24325907
24317794
24324835
24322525
24308574
24340000
24315485
24311788
24311544
24306209
24315621
24315620
24309158
24555252
24418400
24388653
24371189
24371161
24296892
24292661
24283846
24280748
24233663
24174276
24128935
24113215
23765314
24144967
24285682
24280871
24219661
24281155
24279768
24276017
24277938
24275555
24275182
24268660
24268577
24256423
24278136
24256689
24253760
24326202
24255076
24252946
24249667
24155031
24134150
24256945
24240437
24236642
24239502
24236070
24221136
24217221
24216610
24206458
24211627
24301906
24210646
24211329
24196453
24198286
24194550
24186360
24316784
24267432
24223733
24190252
24185078
24180474
24057159
24484885
24112421
24204828
24112246
24205270
24173471
24156506
24119142
24157943
24157941
24157825
24194887
24161393
24150912
24149837
24150606
24150255
24383875
24138599
24138066
24145149
24136102
24136929
24140755
24137001
24139903
24130335
24130331
23909487
24036132
24146953
24120940
24120888
24114838
24122840
24103478
24124024
24100084
24091640
24098457
24095207
24500562
24459888
24204223
24098354
24090699
24085390
24084731
24067091
24000798
23952573
23925433
23919770
23677857
23221513
24080911
24075984
24075923
24068281
24075694
24060958
24163589
24057184
24053798
23929697
24151433
24044364
24041676
24037087
24041652
24037889
24126816
24069322
24036109
24030101
24029427
24026107
23857978
23836520
23968537
24018165
24018047
24018334
24012635
24002573
24010743
24009198
23995689
23564383
22990232
24009660
23995266
23995691
23986436
23985810
23984879
23982368
24034790
23991195
23991061
23980167
23957911
23937086
23975026
23974428
23975750
23974921
23968400
23968135
23977133
23804363
23958652
23948585
23954414
23967108
23941591
23941366
23942586
23934750
23934726
23934554
23933118
23931754
23927839
23918206
23915261
23911664
24054997
24005637
24005636
23913848
23911422
23902294
23863125
23855291
23844944
23743646
23743644
23911300
23900445
23901139
23897069
23896482
23887939
23885062
23884893
23884442
23886751
23864649
23863477
23871446
23861369
23861364
23852728
23850635
23842279
23839525
23838354
23835438
23835259
23835339
23835106
23829426
23831394
23789857
23896637
23858092
23836237
23647015
23816817
23811810
23811535
23810379
23813959
23803610
23801050
23758282
23512951
23471885
23798383
23796517
23793716
23792676
23792703
23788641
23792059
23777469
24170690
23765520
23761103
23761102
23769925
23757392
23757164
23745680
23744065
23737070
23736539
23735860
23733961
23733198
23722904
23850097
23828258
23809133
23745697
23692363
23549307
23161105
23727699
23745945
23723366
23760059
23725712
23719380
23418085
23712485
23721855
23703573
23707370
23699598
23699514
23698636
23603633
23688034
23685786
23682836
23688782
23682854
23684622
23680891
23676986
23668671
23671105
23670970
23657800
23770626
23658423
23658158
23656887
23663737
23651473
23651351
23660189
23641944
23647908
23670046
23640882
23674160
23636469
23636253
23635788
23599336
23574330
23549795
23425704
23643663
23643483
23633194
23620059
23616309
23615507
23610061
23629434
24024155
23596181
23602201
23597493
23589285
23587769
23585338
23580611
23567975
23579070
23570881
23628854
23456652
23348671
23550892
23540564
23537648
23531614
23529038
23526625
23529134
23523784
23520133
23512374
23432662
23509291
23507573
23496298
23510906
23504315
23680252
23539678
23495198
23492876
23492873
23499527
23499433
23497938
23485969
22553146
23497386
23479653
23398084
23470715
23731879
23463236
23510830
23466488
23691725
23654089
23650004
23561237
23455869
23455770
23455496
22956469
22897389
22845899
22583421
23399021
23447132
23447104
23446828
23445342
23441825
23485345
23444373
23439608
23349036
23434932
23033902
23440507
23430576
23427248
23426617
23417671
23422332
23422073
23419874
23416071
23416105
23406734
23406875
23399772
23403125
23399566
23396059
23377670
23672096
23419452
23378609
23374104
23356268
23325478
23252770
23240942
23183357
23075332
22949384
23370527
23307960
23360827
23360614
23356884
23355459
23174781
23352252
23348399
23343670
23343465
23340252
23334806
23333863
23333727
23329835
23561219
23321697
23314177
23307819
23306188
23305647
23303383
23312704
23303819
23303207
23302779
23295672
23298867
23256729
23291464
23281898
24455708
24429819
24423289
24416060
24334510
24322013
24314941
24303504
24302626
24244970
24175758
24174435
24048418
24043597
24009497
24008580
23980258
23965929
23956991
23936387
23936170
23935507
23935057
23899595
23885987
23881262
23868079
23861873
23846596
23840567
23826383
23826282
23826244
23781506
23776430
23762448
23762377
23762261
23759446
23741513
23741327
23734074
23724078
23690974
23675517
23652667
23630613
23630454
23626757
23620761
23594559
23585839
23584834
23573265
23566173
23565185
23555769
23555752
23555743
23555084
23554993
23554896
23536853
23534584
23527042
23517113
23502141
23498901
23494307
23448487
23406863
23406793
23402033
23369358
23359562
23346354
23327840
23326416
23314404
23308243
23303908
23301014
23276927
23261319
23192552
23180441
23008132
22920902
22669014
23275193
23274898
23274893
23274892
23205691
23269619
23269546
23269409
23267112
23267840
23261816
23260854
23260798
23255780
23255602
23537434
23247426
23193974
23150625
23246001
23238934
23238855
23235480
23314185
23233539
23224631
23225247
23223177
23218448
23223446
23066889
23221578
23121487
23220002
23209312
23209190
23202125
23225056
23207606
23111648
23092819
22767186
23204275
23190644
23193185
23178747
23179659
23169819
23174757
23169643
23169631
23160276
23160722
23159411
23265519
23161913
23160180
23153210
23159874
23155333
23153508
23146021
22936542
23142567
23142079
23050596
23134948
23134526
23132824
23131898
23130628
23129399
23129325
23129820
23259558
23259556
23200063
23144070
23046732
22934550
22413961
23112343
23100172
23097003
23098853
23086745
23084727
23085930
23085767
23081748
23086038
23076146
23073920
23070226
23071140
23066025
23057668
23059534
23055476
23052039
23047653
23045529
23045393
23043167
23042814
23042817
23035048
23034957
23054827
23040216
23194265
23027949
22928568
22928565
22928564
22928559
22914427
22790884
22753003
23032305
23031671
23052052
23024292
23022226
23019230
23015412
23014597
23011216
23157875
23007523
23000398
22996381
22993150
22992728
22983157
22983116
22983125
22982780
22982001
22971728
22972803
22974658
22960018
22961963
22974438
22941110
22935429
23023665
23023017
23000581
22967251
22951204
22891608
22878237
22781158
22639821
22389124
22151254
23083984
22927439
22923665
22923471
22940401
22917479
22911336
22908259
22898766
22910415
22893257
22891219
22891215
22883234
22883233
22872755
22869588
22864926
22859723
22920179
22791320
22790102
22672138
22535530
22211842
22762500
22893028
22842467
22841542
22841349
22837305
22833659
22829582
22820932
22819342
22820919
22819773
22814762
22810088
22801903
22801336
22796336
22798068
22798407
22782288
22787137
22778410
22776787
22805744
22767586
22771541
22770937
22858798
22768844
22761437
22760990
22759382
22748121
22996796
22935732
22852057
21938726
21895963
22752837
22750100
22745191
22749805
22733404
22734068
22732593
22732191
22730289
22718861
22718751
22706082
22689751
22697793
22980349
22705386
22642213
22683238
22676202
22683352
22675043
23409416
22788124
22736167
22692891
22687282
22512788
22499222
22427005
22311265
22302392
22050554
22659540
22648071
22643843
22641604
22633398
22621171
22622453
22588430
22589549
22587369
22585871
22581228
22581648
22579476
22579475
22579473
22577090
22572850
22575366
22566534
22579779
22560300
22553202
22552033
22891486
22891475
22571615
22553498
22330029
22232206
22228707
22565193
22217446
22561086
22535446
22533685
22531030
22540253
22528485
22528270
22543014
22526603
22515179
22531461
22511205
22504882
22500027
22496241
22491820
22492530
22495310
22503703
22483564
22495301
22489042
22482732
22480598
22476346
22385834
22507198
22473005
23798298
22972441
22491913
22475779
22471336
22442301
22385236
22250649
21678413
22460790
22454520
22450556
22451038
22793940
22434412
22434246
22381062
22369253
22431005
22431576
22426420
22394340
22446163
22425055
23799564
22419714
22446326
22415877
22411134
22426290
22402064
22399504
22390963
22385075
22710179
22382520
22406838
22611946
22488364
22356630
22283677
22239624
22070747
22378745
22387393
22368281
22361124
22359319
22356575
22349108
22351757
22351774
22351038
22345093
22344560
22344559
22337886
22333905
22300436
21989947
22328772
22342832
22333157
22314182
22307069
22326931
22326678
22304839
22297294
22423385
22395466
22327199
22260657
22247441
22157402
22143414
22142339
22124978
22010828
21922634
22308370
22277050
22305745
22281051
22265018
22285226
22267842
22277672
22259057
22253427
22253322
22251897
22189713
22241739
22241333
22236693
22238401
22237064
22235116
22136669
22245424
22222503
22228742
22228099
22219324
22234360
23804259
23393684
23393673
23393672
23328702
23304119
23300544
23285077
23282070
23281828
23281810
23251907
23236292
23236286
23227140
23226566
23209415
23196485
23185337
23183503
23173044
23166793
23152888
23144628
23133645
23118743
23095127
23094100
23086422
23071669
23056165
23028459
23024780
23014256
23014255
23006958
22984506
22965004
22962620
22952853
22951888
22942722
22893405
22879735
22848439
22790479
22778543
22737082
22724004
22719926
22719264
22694102
22693973
22666460
22666314
22656378
22645604
22629440
22614816
22606220
22605924
22563437
22558305
22550714
22550708
22532827
22513384
22511885
22509386
22509365
22479495
22442730
22412843
22396741
22391303
22389706
22384276
22371653
22360487
22332097
22272346
22201750
22158077
22064071
22006533
21266914
22210828
22240145
22236479
22209939
22199029
22199026
22194616
22209746
22179955
22171077
22170710
22170617
22158438
22169023
22177951
22147666
22154487
22147710
22147008
22143568
22139017
22139371
22137570
22258190
22211896
22211895
22211891
22208712
22204770
22162948
22135324
22135191
22129885
22110171
22110093
22094769
21986510
21933341
21887612
22135418
22053898
22070604
22176936
22119407
22058336
22168374
22113441
22113584
22109281
22105075
22105074
22104546
22094821
22098709
22095075
22094330
22088923
22035238
22144991
22385890
22075267
22064493
22065673
22065581
22050417
22049178
22099756
22072984
22069379
22069273
22056672
22047952
22045665
22040870
21987770
21898645
22062806
22058002
22034985
21973210
22064122
22062690
22035595
22029623
22062134
22038520
22038464
22028181
22023491
22023374
22017455
22010104
22010049
22010005
22037676
22000673
21994130
21990353
21989056
21986665
22001417
21984578
22001063
21986529
22708468
22147092
22100610
22098234
22028663
21963822
21921296
21904818
21887609
21744164
21962506
21743278
21964962
21873656
21862641
21952248
21949049
21942443
21940781
21937998
21948692
21937507
21937453
21933988
21931374
21854509
21952043
21917441
21915818
21915815
21910912
21911748
21939641
21978918
21905198
21902769
21898032
21925628
21920422
21920351
21894160
21792877
21910999
21910970
21931559
21885739
21882062
21786368
21681087
21672010
21846103
21888904
21869759
21467180
21862615
21852217
21849968
21852534
21835305
21856450
21831128
21821833
21813561
21813271
21872797
21864758
21852963
21814116
21810599
21810592
21808063
21808014
21644000
21623861
21615774
21505785
20807286
21800006
21793795
21820420
21810446
21803028
21899642
21784842
21779873
21779803
21787783
21775680
21773685
21782920
21762038
21765104
21777652
21756849
21744291
21744074
21726808
21734192
21727988
21873152
21668450
21646860
21558869
21521298
21519246
21519236
21505870
21320266
21235496
21143160
21718532
21718480
21717116
21714923
21671572
21712531
21705657
21700896
21697456
21498619
21690232
21690086
21704635
21694744
21718680
21704096
21674205
21722898
21672536
21659524
21652700
21646511
21635582
21636579
22122336
21977806
21712017
21698141
21695280
21664428
21633182
21622230
21617109
21586902
21521263
21519322
21424681
21345984
21630409
21621834
21616920
21613414
21613384
21617842
21604002
21605560
21576368
21576363
21576258
21571515
21567300
21518163
21565989
21562756
21562305
21562092
21561876
21621776
21558052
21571095
21544314
21543335
21536370
21540831
21540348
21540233
21446746
21543200
21537078
21536945
21536720
22032085
21623004
21532123
21514428
21418386
21366359
21525158
21541333
21518438
21536048
21506889
21508227
21508093
21503675
21499988
21515403
21545820
21306737
21533139
21497032
21493817
21493720
21493670
21491608
21491057
21531159
21514282
21490026
21481769
21484861
21418144
21501700
21501656
21477332
21478303
21494683
21471514
21471512
21471441
21459323
21467195
21428404
21464332
21490583
22111471
21966805
21524385
21515472
21466769
21461952
21440619
21407242
20857458
21507405
21483855
21457706
21448680
21447637
21454619
21444719
21444647
21442235
21497351
21441441
21438666
21429061
21427121
21426540
22070738
21426932
21406182
21454484
21415356
21411511
21411499
21423583
21407215
21407171
21406494
21399626
21399612
21393357
21393239
21389182
21440351
21388644
21385945
21382976
21380725
21378175
21376236
21373834
21376710
21372087
21356520
21560483
21452073
21437271
21434823
21362767
21355877
21333843
21294846
21205020
21357941
21355790
21356265
21357467
21357378
21390317
21346174
21342246
21336277
21336576
21335550
21330643
21329358
21325652
21325336
21329682
21329680
21340025
21321125
21319957
21317886
21307941
21306745
21301856
21300845
21298413
21296151
21295540
21289645
21295071
21289268
21289265
21334233
21304037
21288162
21270263
21270259
21270253
21219437
21219237
21205787
21176092
21150438
21042212
21305025
21282371
21282363
21472564
21339799
21276782
21276777
21270979
21270296
21266646
21266388
21266329
21264795
21262836
21304469
21255393
21245181
21245029
21241768
21239618
21239498
21239459
21249183
21229588
21229240
21236337
21236251
21224475
21220732
21218783
21210123
21208426
21195348
21199864
22784570
22378291
22248783
22178944
22140563
22119816
22101373
22087257
22086326
22085839
22073289
22069105
22046359
22029179
22028770
22027065
22022575
21989070
21969822
21966431
21959333
21954358
21935364
21912671
21912597
21910085
21863614
21846974
21818327
21799737
21785580
21738570
21695122
21674055
21670566
21570666
21535911
21512267
21489350
21485744
21480818
21466471
21278490
21266249
21199648
21181894
21102319
21098976
21088573
20971039
21198561
21196421
21142156
21209968
21209947
21193294
21187424
21187013
21203471
21185309
21185205
21183721
21181398
21178094
21177856
21177833
21175126
21179003
21167066
21164105
21160032
21228393
21163265
21160171
21147283
21147240
21146886
21149300
21170323
21148563
21148424
21148417
21193198
21135058
21133856
21134413
21131428
21127195
21416960
21146673
21109196
21104886
21042774
20962634
19818091
21115952
21124777
21115971
21113729
21111711
21111049
21102522
21095221
21383957
21097628
21094141
21124985
21086182
21084676
21084452
21084384
21084753
21078913
21218509
21070952
21060335
21060146
21059861
21059644
21281981
21047120
21115178
21044313
21273665
21094836
20879971
20865670
20839289
20607799
20506394
21037323
21060785
21036943
20964370
21029433
21029732
20974940
20972729
20969745
20975839
21034694
20953987
20952520
20948526
20943793
20943659
20942928
20938889
21075697
20933054
20930717
20889219
20889853
20863308
20805743
20671438
20648624
20629086
20883086
20881129
20877301
20876718
20876712
20870969
20858756
20858684
20855871
20852029
20847106
20847104
20843661
20890120
20698575
20840734
20837527
20817139
20832449
20829364
20826583
20826576
20824664
21352425
21118342
20838448
21044761
20873082
20816152
20811152
20722683
20693878
20572019
20178008
20802253
20801214
20804522
20677765
20739684
20739391
20797821
20803090
20729546
20729353
20729338
20727158
20725740
21364670
20826100
20724525
20719964
20713682
20713358
20712903
20674602
20711718
20713153
20705777
20684641
20699416
20699128
20696770
20693566
20693352
20693183
20700531
20699013
20688841
20686126
20682687
20680016
20846926
20807476
20707699
20694930
20642443
20581655
20553184
20476794
20367224
20216079
20675384
20668241
20667614
20663888
20568733
20668683
20660733
20655928
20654688
20642857
20638753
20685070
20621071
20637728
20624390
20630863
20628762
20628086
20625166
20616279
20603074
20614101
20625543
20598163
20960112
20598196
20807613
20692460
20674073
20636876
20583159
20578896
20578204
20554893
20495340
20421791
20390404
20232313
20592051
20587423
20581830
20581824
20581105
20620869
20574003
20573806
20646805
20556352
20555035
20547533
20548773
20543948
20534726
20529366
20522595
20519561
21204007
20833329
20633104
20629878
20619166
20511058
20370670
20513244
20512139
20523905
20507546
20505014
20505004
20501872
20580725
20502638
20489684
20484462
20484839
20484118
20304979
20479121
20498720
20478760
20466791
20460580
20460530
20460426
20452607
20440278
20510017
20435227
20415560
20388922
20380578
20352618
20427468
20421289
20416077
20412754
20421984
20406885
20406760
20407212
20398376
20395193
20395949
20393150
20392505
20388781
20388489
20383573
20382686
20378847
20371702
20368287
20363891
20492324
20465094
20384940
20361391
20360006
20334625
20145583
20088021
20009768
19911253
20353610
20356868
20354156
20351753
20351698
20353756
20398902
20349157
20347903
20361036
20335542
20178365
20305679
20299674
20299477
20331476
20231468
20300658
20223594
20226821
20375978
20223228
20217138
20202512
20212113
20221424
20545565
20347643
20347640
20347446
20309920
20212081
20202574
20194081
20173777
20136551
20055689
20034369
19866471
20184785
20188748
20121115
20180156
20179158
20177654
20171262
20099820
20153489
20144210
20041693
20028124
20146922
20144549
20138735
20140850
20055378
20133600
20125101
20124434
20122255
20404034
20158462
20158084
20146162
20136425
20051912
20032817
19956073
19950250
19947943
19915463
19769483
20119855
20110572
20136736
20107150
20107106
20126273
20103773
20103737
20097480
20096927
20097866
20097754
20097730
20089301
20089511
20004692
20090828
20080974
20079586
20065963
19586609
20053667
20051463
20044026
21428185
21341465
21251450
21208016
21196943
21047907
20865369
20807638
20697559
20551670
20511712
20460924
20420522
20413875
20407944
20388088
20361857
20300436
20238004
20226135
20217511
20040351
20026907
20012396
19899078
19770784
19770783
19584901
20042596
20035337
20035824
20035723
20035714
20032493
20023700
20033851
20022885
20015660
19931518
20007935
20007708
19996157
19997558
19996103
19995547
20098759
20010805
19968793
19966311
19961590
19959470
19956544
20096157
20072941
20019805
19956103
19916734
19824875
19798742
19747114
19725755
19595490
19956648
19641380
19955787
19945543
19940036
19933997
19936238
19933394
19926790
19924209
20006332
19924301
19918262
19914226
19903740
19903449
19900469
19810772
19890027
21099280
20041366
19817798
19591173
19875615
20368232
19864407
19864158
19855918
19850922
19850876
19846795
19846755
19846739
19846733
20079163
19843526
19833897
19833886
19825998
19823803
19820914
19820015
19819956
19815442
19804653
19798418
19942746
19906238
19855821
19816555
19808645
19797678
19792847
19789510
19787709
19773668
19658094
19585583
19584720
19562690
19786623
19779136
19761607
19756980
19755407
19754922
19752223
19752089
19748352
19745552
19744994
19747544
19741191
19741163
19737542
19758209
19732864
19729032
19689828
19670381
19588890
19582775
19717417
19707557
19706215
19648077
19697079
19693485
19706465
19695268
19690167
19684093
19684062
19680550
19680233
19672574
19744871
19667307
19666844
19647751
19647727
19729315
19668595
19651920
19651899
19651776
19743458
19727602
19696884
19686684
19656026
19619703
19594364
19647518
19647793
19643578
19641095
19666581
19628478
19622707
19619559
19609442
19609847
19609502
19615405
19605547
19605546
19596186
19596656
19592511
19589173
19748369
19595807
19591806
19665690
19584123
20923526
19578007
20144318
19768254
19768241
19631916
19606541
19604068
19587449
19573878
19567607
19544454
19527483
19487809
19474719
19391127
19235186
19573562
19567248
19561084
19560552
19560328
19442239
19553542
19553142
19541455
19543881
19542202
19540198
19534826
19538446
19536736
19421078
19539026
19539001
19532121
19531249
19528361
19527523
19521348
19516902
19509185
19509012
19506563
19388667
19506043
19486677
19490620
20120158
20049716
19602834
19556657
19541594
19530995
19519463
19507498
19502258
19411758
19396985
19113924
19489741
19483106
19479237
19489767
19477944
19477910
19473815
19470970
19485965
19470680
19459017
19458242
19455305
19460355
19454484
19473183
19447870
18951411
19439916
19317487
19432816
19292439
19419981
19417011
19410617
19414203
19609011
19589269
19459879
19440747
19411634
19411249
19397461
19371816
19406499
19404609
19404565
19403868
19403641
19401423
19401420
19401415
19394322
19394297
19395033
19394333
19389484
19386626
19380603
19373445
19375517
19369405
19363597
19362884
19363130
19359477
19359342
19358094
19358089
19352614
19351728
19349147
19347338
19344500
19634497
19556854
19427425
19407509
19390610
19386267
19355859
19339403
19323961
19306528
19276889
19276887
19497423
19336477
20031593
19332049
19327134
19328773
19328211
19328037
19324937
19319572
19318515
19318514
19187021
19146426
19276450
19292929
19497428
19286335
19280268
19279085
19279076
19279000
19276229
19433243
19275933
19273592
19273568
19267951
19264885
19264844
19264802
19262996
19261841
19254559
19258437
19255736
19593479
19418728
19331589
19325873
19297292
19290936
19262221
19187069
19111928
19108684
19247372
19247266
19245804
19243223
19239414
19228889
19228795
19228405
19225753
19225119
19223654
19217937
19214472
19211714
19200357
19208188
19193728
19188432
19188424
19382888
19275670
19275669
19268647
19239393
19214202
19207420
19199942
19199940
19179976
19143820
19143816
19115254
19107967
19208172
19185381
19179480
19177153
19176700
18990670
19323980
19165156
19086895
19150989
19148120
19147782
19147248
19141698
19139378
19139106
19137007
19167483
19125159
19119265
20215779
20175453
19910703
19863847
19839843
19696511
19669946
19618280
19601843
19585955
19546591
19536665
19506371
19504239
19421330
19379516
19357791
19357773
19302042
19260255
19190027
19158813
19145769
19133996
19129693
19118408
19102712
19077682
19076063
19031431
18798547
18726182
19116326
19114657
19121282
19107526
19101788
19098282
19238139
19091959
19012396
19083191
19080039
19050249
19079260
19074570
19074486
19078951
19073770
19073768
19150350
19067131
19060252
19053027
19052228
19054720
19050314
19280995
19259048
19147933
19136982
19132243
19120281
19120264
19075677
19065516
19064563
19047629
19046302
19037219
19037210
19037209
19013297
18766298
18710364
19037247
19036853
19033589
19067489
19033398
19032093
19032942
19010305
19023131
19022827
19020324
19017751
19015537
19011089
19070859
19001411
19028510
19301779
19169496
19021695
18984085
18941200
18977174
18971370
18971258
18952313
19000139
18951876
18945937
18936343
18931137
18984063
18564064
18854016
18852330
18847225
18848987
18926322
18840680
18839134
18839067
18835935
19030709
18832104
18821468
18820210
18806611
18793170
18576917
18930112
18818414
18809676
18806780
18789331
18802019
19101670
18722519
18806884
18784075
18823964
18781224
18776148
18776140
18776137
18189240
19782896
18801407
18772243
18768676
19183309
19140444
18782016
18781962
18781959
18781934
18762020
18716158
18435473
18793745
18789912
18755551
18728231
18725432
18722697
18723451
18716026
18706099
18698254
18684915
19008912
18854848
18703018
18704199
18687966
18706386
18682847
18678876
18678615
18678613
19079806
18761467
18691008
18636169
18622262
18607181
18594277
18667420
18661119
18657335
18654633
18719643
18653781
18636317
19149908
18637188
18635660
18675898
18675299
18632158
18606638
18638024
18648151
18618278
18664368
18611252
18607402
18605991
18599522
18599520
18688110
18626062
18624957
18566388
18551010
18520761
18590522
18586252
18586686
18579738
18579703
18568334
18587495
18571500
18567738
18619429
18566589
18566119
18563171
18562079
18559657
18558477
18552236
18549522
18550651
18544707
18541525
18539754
19195433
18616870
18591889
18581076
18541544
18538289
18518893
18496221
18484352
18481947
18438173
18298402
18508807
18505834
18504548
18505431
18499706
18496666
18495756
18490929
18490518
18541378
18489578
18487449
18486167
18484068
18483392
18482868
18514222
18463892
18461161
18674421
18601531
18508650
18508472
18487142
18473758
18445168
18384052
18382226
18369690
18205210
17994612
17979196
18448614
18534569
18433508
18426862
18420489
18418350
18413189
18413170
18413674
18411275
18490019
18407659
18452715
18482733
18398440
18495158
18397992
18468620
18443571
18388859
18385139
18720898
18646316
18480528
18450172
18448789
18413469
18410733
18398040
18388689
18385045
18381349
18360684
18358250
18334917
18217697
18433791
18372080
18364377
18439569
18366720
18357984
18349125
18366646
18347327
18347057
18347054
18347089
18326867
18423471
18356850
18440328
18318892
18317723
18336658
18336657
18336234
18327995
18319073
18315433
18303501
18292549
18269685
18249219
18248821
17960828
18420420
18407262
18305142
18301746
18298826
18296557
18292987
18284436
18343518
18328264
18280132
18269247
18279373
18268355
18268350
18268048
18261202
18280811
18275484
18234133
18211635
18197594
18176111
17994549
17990297
17968989
17620310
18235053
18234883
20559954
18216263
18216179
18215169
18204476
18202123
18199798
18198358
18289528
18196299
18187544
18177501
18171713
19776629
19776623
19776621
19480295
19441676
19366081
19127808
19124958
19111166
19107194
19052638
19030232
18985156
18972749
18972748
18941531
18813540
18803434
18703408
18688082
18648197
18580054
18577874
18565216
18552466
18537660
18537613
18525104
18483616
18473849
18417957
18401547
18358334
18357765
18271696
18271689
18260137
18230892
18196945
18181079
18157156
18156307
18091023
18045248
17950377
17879353
18162514
18162503
18159925
18155247
18056379
18082606
18078524
18077827
18070814
18190998
18065500
18057094
18060660
18056790
18056685
18054335
18331236
18331228
18240549
18198294
18057577
18055828
18029502
18004211
18001305
17763827
17624939
18055466
18190934
18048354
18083189
18043699
17990360
18039840
18039786
18038251
18032794
18032414
18030323
18025461
18001743
18082614
18008060
18006707
18261337
18067759
18593543
18183793
18089956
18045140
18025493
17991668
17973082
17967707
17948130
17922229
17620318
17977958
17977957
17977952
17977947
17962386
17959865
17955208
17950019
17947299
17942823
17916227
17911591
17932108
17921177
18330098
18158642
18049312
17979505
17943693
17940472
17940471
17925626
17921407
17909096
17909095
17899491
17895834
17886335
17727384
17901057
17901049
17898990
17898989
17894829
17890270
17869073
17872399
17855752
17855357
17855068
17851534
17848561
17846119
17870073
17804763
17804484
17786204
18274352
18265478
18241614
17911414
17896950
17867925
17846973
17823444
17805414
17719307
17705891
17697870
17825789
17764494
17728379
17727676
17726453
17725654
17709741
17826684
17714581
17712545
17846994
17931747
17704113
17933714
17700648
17701054
17698600
17719568
17675577
17710484
17693608
17681146
17670950
17667994
17667983
17643130
17624916
17669625
17660576
17660267
17656068
17646392
17720186
17714874
17636114
17658465
17639022
17625119
17707257
17618719
17608815
17617411
17848837
17724005
17697525
17653589
17630932
17622324
17603104
17570254
17563561
17563459
17563457
17541530
17513198
17604289
17591676
17584766
17578587
17563066
17555951
17555594
17552505
17553792
17548353
17542617
17702129
17571924
17559348
17555288
17550776
17550551
17549259
17537154
17525219
17514590
17510669
17502837
17498265
17226761
17221329
17604107
17526566
17525155
17522836
17611413
17606312
17560613
17513698
17508727
17507672
17500065
17496234
17493625
17568628
17478516
17987563
17629820
17555489
17498505
17493546
17489078
17473913
17472435
17445531
17444881
17442947
17263687
17464498
17464289
17459095
17457646
17452404
17450441
17509560
17449556
17446307
17437648
17437081
17436020
17429448
17429603
17493830
17415412
17406854
17406657
18225448
18225445
17495382
17479445
17460169
17400800
17395751
17383304
17374678
17351369
17266114
17395632
17389332
17381073
17482805
17381501
17377159
17445799
17356695
17553307
17355243
17345061
17337503
17496367
17496355
17456828
17435139
17344885
17339029
17332447
17332085
17327436
17327330
17292728
17432931
17360662
17343826
17399759
17322477
17318223
17317761
17311418
17310371
17374385
17307971
17307873
17381243
17408806
17293880
17293876
17289742
17287464
17280720
18220655
17940412
17451131
17435869
17356705
17332784
17304393
17299248
17289826
17283246
17277585
17276352
17276047
17272496
17266736
17259403
17259397
17251488
17242018
17237379
17172923
17344960
17251274
17241793
17289614
17393226
17237219
17223256
17222292
17215859
17216277
17216256
17213274
17209142
17203303
18314752
18287671
18269183
18269182
18269181
18197729
18193638
18156101
18156097
18046745
18045462
17984549
17966439
17923772
17922664
17721767
17684408
17684398
17666771
17627547
17622752
17612046
17584094
17582205
17566051
17476110
17476098
17419299
17408061
17346148
17284935
17284925
17257774
17209184
17199731
17197555
17192480
17192475
17182836
17123302
17189252
17186219
17187935
17169983
17165091
17163998
17161404
17150099
17197160
17308157
17254438
17213575
17173375
17143316
17133232
17130511
17130484
17103373
17100991
17126841
17123852
17116691
17187904
17126328
17288985
17110502
17114586
17097186
17097148
17095203
17090780
17090532
17083960
17082477
17082325
17373275
17345789
17148733
17091317
17079333
17079314
17071861
17054601
17044847
16874666
17077128
17077083
17075573
17072104
17071612
17056740
17053166
17102796
16676355
17045460
17032813
17032288
17028339
17028192
17024043
17021761
17021013
17018701
17178593
17132890
17130535
17130534
17130529
17054449
17031255
17031076
17020404
17013774
17012750
17003336
16989579
16988207
16978381
17012379
17012344
17011759
17008406
17145370
17021801
16951358
16969647
17022998
16963228
16959056
16954165
16954682
17278322
17033268
16996248
16959590
16949426
16920849
16918594
16911023
16935381
16931572
16925464
16919419
16917544
16917504
16909129
16906437
16895953
16890492
16888333
16885993
17551474
16988089
16958313
16954821
16901919
16900219
16873689
16815799
16873067
16874314
16873708
16873540
16868084
16865358
16945585
16855264
16849561
16639700
17051974
16917194
16842135
16823476
16813599
16809320
16804406
16797386
16793958
16772433
16389646
16793047
16777978
16775037
16770585
16752891
16930585
16762832
16757149
16755280
17162353
16855519
16848156
16783637
16783636
16762931
16759311
16741292
16738691
16732763
16732014
16723881
16528676
16381022
16714282
16752166
16752164
16702471
16697386
16690893
16690213
16684804
16683131
16682454
16787739
16678327
16672053
16803995
16729722
16718632
16700986
16688532
16644699
16644636
16601455
16697220
16652127
16636128
16714010
16638016
16688947
16620396
16606670
16585549
16614815
16613899
16609881
16723139
16597606
16755386
16733920
16704309
16623774
16600155
16567542
16542628
16489531
16395257
16574667
16570154
16566923
16678433
16556760
16543365
16538489
16537675
16537411
16529751
16618026
16613348
16601578
16556518
16522740
16518346
16517408
16508139
16495482
16487440
16487269
16421008
16276364
16498500
16497732
16495290
16488885
16469531
16474966
16510295
16462746
16772049
16715619
16514433
16493495
16465593
16461554
16452409
16443794
16443792
16443790
16443502
16415018
16410623
16395273
16231022
16446424
16425035
16515029
16429159
16320257
16170355
16446153
18724062
17087640
16960460
16939794
16929130
16926537
16899960
16884318
16848704
16806731
16787209
16759820
16702017
16675886
16629161
16612125
16579318
16522651
16518955
16472176
16454693
16408464
16383005
16380477
16380472
16375582
16371762
16361026
16292340
16173921
16021651
15916766
16389553
16475114
16387762
16412430
16403520
16453099
16352795
16356627
16344362
16330542
16518702
16464156
16401313
16390390
16330323
16325802
16321990
16313609
16311100
16306813
16306380
16306377
16306360
16306331
16283624
15921688
16319058
16314690
16299395
16294222
16291834
16050808
16464684
16273344
16276070
16269450
17570749
16385730
16370352
16358232
16307473
16303885
16293776
16285962
16280647
16266401
16244663
16241915
16232125
16221200
16044321
15926190
16257499
16254197
16256387
16229994
16229747
16223942
16210549
16204336
16671579
16258736
16226677
16225407
16198769
16195369
16194201
16186399
16186385
16186384
16186382
16174283
16159899
16099468
16091293
16189249
16198310
16166562
16166097
16154996
16141456
16140554
16369210
16369209
16237273
16231589
16151980
16141393
16138347
16131364
16123372
16123371
16120200
16108864
16102106
16085123
16120822
16109907
16100117
16099819
16084533
16101411
16101244
16098829
16098823
16048671
16048667
16032527
16024864
16024793
16005242
15996208
15964656
15905891
15869784
16055439
16051673
16049393
16024729
16020771
16019120
16007414
16002077
16881894
16389718
16105753
16052242
16025396
16002819
15994236
15983323
15983209
15983202
15978110
15955117
15937999
15892093
15748778
15586390
15837528
15985482
15985157
15925329
15967803
15965468
15962003
15956634
15780433
15949705
15942051
16342409
16142021
16038282
16037292
16037291
16037282
16037279
16037278
16012052
16001329
15955472
15952059
15941982
15941898
15937200
15936329
15930013
15919810
15919802
15919796
15900219
15927971
15920035
15919751
15915335
15909155
15897602
15895078
15886397
15880269
15870394
15870393
16035295
15989061
15965050
15926921
15926113
15925010
15919835
15869568
15860415
15855315
15842505
15838240
15811251
15723345
15864531
15857159
15854902
15828842
15946912
16285997
15837817
15834424
15837423
15834131
15830179
15817464
16054982
15959392
15933386
15825124
15821100
15794919
15794918
15793262
15793253
15788706
15766871
15752239
15498023
15933720
15797964
15784141
15955369
15774497
15888230
15761720
15764585
15744310
16556964
16088846
15838468
15738952
15735207
15735069
15734857
15712599
15731402
15729572
15709754
15710896
15629156
15705778
15703200
15701688
15701670
15695426
16305068
16171245
15974849
15877919
15778927
15734651
15723168
15711716
15692809
15687429
15685372
15679538
15677519
15662218
15659072
15649382
15526010
15701601
15781195
15677479
15671250
15910861
15660293
15659559
15655129
15634914
15628874
15636639
15629882
17319095
16440584
16438031
16425979
16425978
16333757
16307171
16280037
16276079
16257508
16243487
16229241
16227092
16222037
16112954
16106079
16052908
16048437
16043303
16042135
16025839
16022672
16011476
15966857
15966854
15953818
15902849
15892635
15811194
15723607
15701758
15676013
15620463
15615788
15611965
15610765
15585411
15558554
15618465
15748902
15823277
15561138
15530506
15590636
15894831
15765027
15763954
15699512
15632890
15614014
15602124
15592662
15589073
15585637
15583721
15580058
15574195
15569126
15564450
15563977
15561961
15538990
15526003
15522100
15506946
15367918
15569940
15569865
15562019
15550505
15533050
15721017
15539463
15539431
15539428
15655709
15610610
15554898
15531537
15525222
15504977
15504959
15485917
15485605
15465635
15507211
15510219
15509592
15496506
15494377
15475166
15477535
15470502
15581831
15458446
15458404
15448098
15447889
15381031
15367850
15452033
15342243
15375186
15356126
15636429
15503862
15452406
15450010
15372366
15341732
15335307
15331206
15324736
15317612
15308121
15306213
15303979
15292102
15331760
15329733
15314024
15294969
15306695
15262794
15331069
15329192
15314688
15305888
15304039
15300587
15284299
15284289
15281007
15277436
15277398
15277395
15309292
15258198
15257292
15210146
15309416
15247477
15712817
15461271
15301863
15290845
15254885
15254874
15235769
15232309
15226417
15220215
15209769
15201543
15191547
15189365
15171747
15082027
15229188
15209516
15210937
15208781
15198961
15198928
15140504
15199052
15192149
15180993
15178645
15175273
15231141
15191361
15190042
15184981
15172469
15163543
15161796
15161768
15161765
15161744
15159252
15159243
15155861
15153551
15143161
15140033
15120754
15169959
15164069
15163635
15156183
15134463
15140748
15128745
16305054
15294042
15237707
15217762
15153687
15132716
15126519
15121856
15111493
15111490
15096944
15082786
15078938
15111112
15123601
15102928
15100162
15085339
15059941
15319168
15202511
15153434
15124112
15102557
15070960
15068791
15059968
15059616
15047634
15047631
15047617
15047615
15047604
15046742
15045692
15044684
15039538
15017354
15017353
14725507
15044551
15028669
15023873
15024687
15016838
15010356
15001545
15104238
15015141
14988270
14988268
14988264
14988262
14972324
14871423
14766673
14991056
14988395
14985365
14976002
14632628
14762656
15163920
15163919
15163369
15132874
15104207
15102455
15076189
15070444
15068111
15019547
15011778
14984467
14978760
14972088
14749259
14747281
14729487
14728640
14709415
14732718
14730379
14729856
14697240
14984203
14737065
14707058
14730479
14722160
14722023
14715715
14715643
16026108
15782550
15768830
15622966
15615094
15584616
15553663
15544524
15544519
15528949
15504703
15504572
15493327
15485348
15366769
15360913
15309862
15249972
15229375
15229374
15229372
15198368
15138359
15090261
15084230
15081566
15077723
15059032
15054216
14962644
14734451
14728986
14718385
14702425
14699589
14693720
14693717
14688807
14686956
14651526
14690436
14688513
14694085
14740347
14676201
14662897
14643659
15067896
14974928
14752400
14711061
14698004
14675090
14671193
14670304
14669155
14667414
14657345
14653944
14645511
14638877
14636289
14633863
14613751
14594566
14645241
14639528
14623906
14614137
14605000
14584936
15260395
15095632
14679084
14679077
14652163
14627764
14627762
14625688
14602777
14578251
14569156
14569094
14562166
14531794
14636552
14763605
14573464
14570752
14568619
14551599
14515207
14514651
14514632
14514572
14508143
12975417
12974743
12954590
12945046
14513297
14508515
14507925
12973666
12970362
12958030
12952969
14692055
14669952
14669944
12970316
12969331
12965109
12951641
12951167
12930356
12923396
12925555
12925529
12915397
12900437
14593617
14593616
12947308
12889996
12882938
12865333
12864748
12883993
12856128
12851856
12845430
12871271
12861041
12861032
12837760
12829983
12829659
12829623
12829789
12819898
12805026
12788928
14563017
12845556
12811469
12806586
12788901
12788800
12783165
12783120
12765968
12765967
12765966
12765951
12773626
12771153
12754525
12750472
12750308
12734343
12748907
12706864
12734206
12732648
12711314
12711303
18429247
14692136
12911284
12855010
12784186
12752570
12752321
12716812
12716762
12716740
12714657
12707325
12679603
12675870
12675841
12719278
12705906
12697301
12680765
12749590
12746755
12746630
12728636
12727796
12699605
12683939
12683933
12668603
12665574
12663468
12663462
12649389
12642470
12631341
12668765
12651943
12646418
12639974
12722640
12673782
12673777
12628477
12606536
12606503
12595762
12590013
12577311
12591951
12600878
12733739
12643151
12618389
12605344
12604246
12604244
12604220
12604219
12604218
12594237
12588284
12540633
12538715
12538610
12529387
12658909
12527294
12562779
12515820
12473463
14959999
14677049
14639875
14609212
14555375
14518593
12951837
12871543
12690701
12673361
12638526
12637989
12637977
12566728
12540964
12537092
12529710
12519896
12519368
12519314
12519305
12511541
12511525
12510018
12509449
12505756
12502664
12502510
12502505
12500188
12493535
12470650
12417405
12502735
12623978
12468541
14752334
12688633
12669679
12593727
12553418
12515969
12503056
12495297
12475765
12464667
12453902
12453892
12446592
12444175
12426234
12456495
12419764
12429071
12509901
15090158
12691175
12691171
12685424
12434137
12429047
12417588
12414908
12401714
12397632
12391221
12391193
12379844
12379842
12372774
12409286
12406889
12392844
12351385
12368225
12367525
12361988
12905776
12532560
12420133
12390624
12369883
12364542
12351582
12351459
12351437
12225387
12238926
12244094
12059784
12214252
12209017
12440774
12397581
12324979
12297438
12235114
12227119
12225893
12223051
12213908
12200750
12196475
12187393
12185156
12183662
12164879
12091793
12091790
12167488
12147264
12177423
12425206
12362576
12212788
12200989
12190891
12181330
12165076
12161503
12147786
12145331
12145235
12145216
12145178
12145144
12110525
12062858
12135359
12119018
12118251
12105276
12097321
12729035
12126519
12123481
12100063
12086968
12081968
12081578
12048138
12189450
12055228
12069854
12625368
12625367
12111048
12079868
12079832
12057695
12050208
12037740
12031974
12031964
12021405
12021163
11997516
11997496
11996959
12116173
12069832
11979441
12089596
12006634
11978639
11978637
11956156
12107726
12054763
11941369
14602980
11926892
12061550
12021107
12021095
12017219
11928066
11920340
11916906
11907155
11872181
11919305
11912494
11890664
11914124
11904435
11882522
12096786
12017759
11949951
11934184
11915516
11914736
11895466
11889198
11872697
11872687
11872660
11861280
11857081
11854121
11814334
12643126
11972286
11940333
11938025
11876745
11857934
11857909
11815451
11801634
11790286
11784851
11784122
11935324
11791216
11791210
15832492
15499992
12898973
12675534
12626845
12515914
12492648
12492645
12491536
12481554
12463863
12436935
12201626
12169859
12079620
12076180
12075719
11963346
11943639
11851721
11845228
11818483
11803456
11788684
11782951
11772518
11756320
11742817
11756686
11735426
11730986
11739394
11726508
11822092
11793024
11774217
11751716
11743135
11723054
11723048
11719568
11714766
11733490
11708915
11717395
11724537
11707447
11704682
11794976
11747081
11719841
11714842
11714744
11691647
11682693
11679445
11679430
11677216
11693260
11602261
11598829
11590148
11890612
11763309
11703168
11684010
11683767
11673414
11641236
11590316
11586486
11578972
11574484
11574406
11572787
11568114
11563911
11862322
11553328
11535623
11747141
11747138
11592564
11568502
11532088
11509652
11517425
11767028
11488637
11484155
11479130
11477156
11473649
11473086
11473045
11468346
11465949
11438647
11477339
11508651
11457835
11439029
11459212
11457879
11451750
11435618
11431698
11423472
11422735
11422732
11416035
11416008
11434927
11409880
11414755
11389590
11397080
11395505
11474705
11472462
11439286
11433381
11411765
11386752
11376339
11375354
11375331
11337012
11352884
12690765
11556978
11428172
11380488
11359864
11356159
11333244
11323315
11335105
11336675
11309381
11296231
11795511
11683545
11565900
11468018
11381614
11374071
11349934
11315829
11315828
11306605
11289049
11285454
11282467
11273849
11247764
11245577
11313888
11401438
11899245
11327119
11317670
11289470
11280768
11269621
11268597
11246892
11246583
11245775
11207272
11181802
11181569
11181517
11248102
12119637
11310935
11272136
11260509
11258203
11240411
11236720
11213281
11158418
11158011
11306085
11306081
11139388
11134505
12092636
11950134
11800161
11573135
11525247
11507649
11463950
11460579
11460565
11460517
11453036
11423726
11409295
11367889
11334615
11302546
11280031
11237217
11206414
11206402
11206400
11173963
11165713
11148145
11148137
11147800
11141473
11137992
11135318
11123298
11113190
11037336
11024042
11124266
11209974
11173714
11164433
11163213
11148333
11141634
11133172
11118016
11117522
11116211
11115780
11108647
11106322
11102511
11091117
11087679
10967106
11121369
11086001
11080143
11143724
11132145
11078464
11069614
11060015
11044213
11027274
10938089
11030756
11015343
11093296
11093283
11078470
11078468
11042154
11034394
11024579
11003709
10998044
10862760
10995448
10973497
11015611
11006768
11221581
11043403
11001800
10997688
10991915
10981554
10972693
10969840
10966490
10878473
10878472
10859314
11026688
10946232
10956046
10944440
10829018
10925290
11256583
11073182
10997652
10990079
10950122
10943858
10935544
10923642
10918303
10962121
10930517
10801879
10908341
10764810
11469267
11014113
11004431
10909981
10894151
10862638
10861896
10854285
10873449
10852716
10854830
10903416
10749885
11091908
10907125
10886490
10866042
10866039
10863626
10849114
10820167
10830965
10793009
11798788
10946794
10920859
10855539
10834428
10834414
10831178
10809664
10784584
10773106
10773014
11015588
10769125
10775108
10753467
10685052
10871196
10871192
10871191
10819246
10819235
10782900
10760079
10759095
10727516
10734046
10736278
10737739
10729111
10727463
10769544
10756100
10720736
10889787
10881373
10798278
10793405
10757215
10741571
10729790
10728425
10704613
10700186
10689118
10688666
10679090
10688912
10684857
10660596
11258596
10739378
10701812
10675354
10658051
10652041
10640759
10684224
10673339
15719602
11376444
11334373
11261246
11219997
11153962
11129406
11129119
11065059
10961926
10826518
10783502
10697412
10652499
10642598
10640275
10615958
10615944
10614668
10610741