31874630
24906421
29143895
24768178
24752583
28815391
29334369
29696366
28443625
29914375
23587769
29218913
29455858
29703528
26912320
17044847
31206606
24281155
21133856
25953951
21167066
17342071
30900957
23427248
19455118
19776623
29925367
16182901
23118743
15164102
23430576
28605458
24204223
21442235
12351582
29560826
18611252
26411870
31380425
32065979
29897325
29673546
29858661
28081697
16321990
15525222
30270018
30335238
20523905
33328473
25701286
11333244
22891215
29076094
24572742
25460303
26505665
20421984
27008632
17603104
28655969
28860538
25722444
29547902
20064693
29995270
29342229
23529038
22168374
16893912
32609838
24736664
27386793
20592051
24646746
24608439
28597135
29691896
29111615
29973202
25618333
29329369
24440313
27185397
24157943
22345093
26178476
29382920
26887006
29079728
26168013
19073768
21533078
23649823
26577156
20843661
24789282
27310578
29694940
24340000
11517425
30509349
12495297
27062898
25964488
26671228
19631916
25994336
19120274
27448167
28366671
28644880
16804532
28721485
21948692
23111648
19521348
15660293
22982001
23081748
22119407
19761607
23745680
17028339
28177139
20361857
20817139
28530680
28206976
18205210
29220676
12626845
21205501
26258845
23626757
24430172
21876774
19576569
11381614
21380725
23281810
12748907
24880474
12882938
16585549
15892093
20585550
22086326
16464741
24285682
21390317
27428418
26710338
21967816
26186942
19797678
25941919
26624898
25584719
23201545
21505785
15634914
17145370
21765104
11687605
20877301
24670935
11729160
21878665
17077128
20088021
17848837
22508388
12975417
10729111
18045462
17710484
11334373
11791210
11353447
19634497